2.175592e+00 5.132674e+00 5.132674e+00 2.175592e+00
-2.377604e+00 5.132674e+00 5.132674e+00 -2.377604e+00
1.111311e+01 5.132674e+00 5.132674e+00 1.111311e+01
1.200455e+01 5.132674e+00 5.132674e+00 1.200455e+01
9.455668e+00 5.132674e+00 5.132674e+00 9.455668e+00
1.684748e+00 5.132674e+00 5.132674e+00 1.684748e+00
3.110103e+00 5.132674e+00 5.132674e+00 3.110103e+00
8.217467e+00 5.132674e+00 5.132674e+00 8.217467e+00
6.075262e+00 5.132674e+00 5.132674e+00 6.075262e+00
-1.366110e+00 5.132674e+00 5.132674e+00 -1.366110e+00
-6.145195e+00 5.132674e+00 5.132674e+00 -6.145195e+00
6.024977e+00 5.132674e+00 5.132674e+00 6.024977e+00
5.245560e+00 5.132674e+00 5.132674e+00 5.245560e+00
1.587269e+01 5.132674e+00 5.132674e+00 1.587269e+01
1.375229e+01 5.132674e+00 5.132674e+00 1.375229e+01
-3.710579e+00 5.132674e+00 5.132674e+00 -3.710579e+00
-1.207304e+00 5.132674e+00 5.132674e+00 -1.207304e+00
-2.317529e+00 5.132674e+00 5.132674e+00 -2.317529e+00
-1.381658e+01 5.132674e+00 5.132674e+00 -1.381658e+01
1.531512e+01 5.132674e+00 5.132674e+00 1.531512e+01
9.152888e+00 5.132674e+00 5.132674e+00 9.152888e+00
