-151.5349403  
-19.16165976  
93.48796465  
24.23707377  
-12.95602789  
282.641179  
-133.013499  
257.8901643  
42.64285511  
-36.84057997  
-27.97584431  
136.6852236  
110.5156033  
6.387966743  
256.3112739  
-12.99153387  
-29.0910157  
366.3039936  
38.26391084  
-54.02884218  
83.46887456  
-194.8768978  
-105.7099821  
-0.3312818407  
91.24963656  
227.6336541  
6.123021713  
-16.01067183  
-203.8308261  
-67.93923871  
-22.67976542  
22.63873705  
-5.527239678  
70.29975205  
44.18180808  
-47.58098796  
-58.88925862  
167.2757305  
-137.4484635  
-224.026228  
128.2985218  
70.41586193  
30.55543587  
-31.31320967  
29.10361973  
66.20506594  
-206.0270953  
29.0265956  
-95.07974715  
-48.20122691  
38.71343793  
-175.1843813  
131.6770757  
-38.17887632  
21.66140601  
-76.77533307  
146.173527  
257.9241361  
47.20662294  
201.5685706  
127.6924539  
-18.98727394  
-27.16378126  
43.20773217  
186.4967445  
48.15375934  
125.9737359  
32.59150021  
64.82622404  
-19.85557815  
21.42727721  
20.8710368  
48.12375599  
-181.2002904  
-132.1872863  
107.5562062  
99.00348202  
20.65401421  
78.76661411  
-20.84331882  
103.6302137  
-85.72206638  
317.3777477  
74.64144253  
70.77437758  
-21.96822256  
4.324082798  
113.7349367  
-35.99812569  
-74.12939293  
37.79400924  
56.10554462  
19.83132012  
184.1486521  
5.15738765  
-241.6331373  
110.0395186  
-56.02501867  
106.8843853  
84.62848102  
154.4562608  
