11.22529906  
-248.4599617  
37.30691071  
-157.2478294  
113.2653406  
-175.1825651  
16.43957299  
-376.6736244  
-140.7911557  
118.3375022  
-21.39322613  
-88.30828174  
162.2060795  
236.6479988  
-162.3063696  
-50.40646524  
-52.42313633  
13.25200494  
-232.7622134  
54.58898636  
-44.3339457  
-36.9538168  
-84.04503046  
-97.11109289  
-54.75427019  
-63.71140794  
-20.77450607  
72.61291591  
229.1771276  
-51.30520731  
138.4579982  
55.38157531  
85.58556383  
81.9650838  
-34.81325121  
-277.486118  
16.32495838  
38.67816398  
88.50384165  
214.0587083  
206.0932073  
-71.89720927  
167.9923148  
-93.12010154  
-11.73043102  
-25.50291592  
323.596917  
-72.92348768  
38.95131538  
-24.86762366  
-62.20332708  
94.31558245  
94.14413564  
-166.9776383  
23.96222387  
63.82391171  
-73.59709887  
-200.9912619  
2.568747719  
-37.20798451  
-277.2969587  
45.62224281  
-44.3910558  
-236.193873  
22.9625267  
54.31655518  
-140.8533132  
-41.91137403  
29.58866071  
4.534600088  
167.7827994  
10.11020199  
15.9191726  
259.0575416  
97.57226789  
-121.3510259  
-62.73502854  
36.82513323  
38.39363753  
133.8427117  
-65.18965555  
-78.31225838  
-155.3881876  
-90.80786886  
98.20084533  
-122.86998  
14.14648587  
-67.55693076  
124.6295606  
147.8021111  
-0.9091266305  
-83.51588452  
-174.078379  
-88.21339383  
-59.57560935  
368.437003  
-58.19696385  
270.3875445  
-27.16053646  
-57.93525485  
-237.9139038  
