-15.01973021  
-22.32631328  
160.0580662  
-154.2681459  
112.2469957  
-37.6564698  
122.5964894  
153.0553977  
-41.30404021  
102.6419992  
202.8466039  
127.0453566  
60.51386936  
-77.29407147  
-234.8900913  
405.5375464  
-134.1027304  
-13.68929099  
-284.3162759  
-131.8412187  
112.0019353  
174.9719336  
-41.65679384  
143.9865649  
-150.2703659  
50.51223453  
-150.8285074  
312.8133029  
-58.32873452  
-230.1954442  
298.8986684  
-72.07960341  
244.8207221  
333.8528264  
46.00954563  
-69.52244035  
-175.7868629  
-250.1744506  
-26.17575949  
28.30298415  
-225.0943606  
102.5695247  
67.28454354  
88.2456785  
-33.76748444  
89.42264218  
-38.94820293  
93.77064822  
-398.2031751  
104.0798838  
-361.6214744  
-172.7101675  
13.63729384  
-45.8316611  
-70.80850183  
-72.21564839  
-27.52903848  
-106.914474  
-67.61251398  
83.43125422  
19.52297175  
-6.389331336  
276.2351532  
-80.30775081  
-412.060142  
83.48240498  
-106.8690152  
-18.01869058  
201.4024606  
-17.13589889  
86.22141359  
-71.78748443  
-84.6493803  
218.6335917  
287.3854075  
-16.715813  
130.7082526  
199.2785407  
71.02750926  
-333.3626046  
-197.1963165  
-106.6999139  
-23.9142264  
-130.3829084  
-45.1210641  
55.88577487  
223.1694786  
79.3473669  
-227.0220711  
-118.1887164  
56.25207721  
-63.03333452  
-191.9312661  
67.62528193  
-136.5737411  
-172.3209735  
395.9911445  
-156.7294763  
86.1093228  
-0.1830644056  
104.965567  
