64.81354272  
-121.1010618  
-151.5029563  
-124.7191726  
-185.6557447  
-86.03464992  
152.444085  
-368.7905794  
-111.3348437  
176.0377109  
50.14102278  
-207.9668426  
29.00354154  
22.43036926  
-150.3576885  
-119.0261578  
-75.14369405  
-245.1261418  
-99.53949279  
23.65734037  
-58.38287637  
-33.20881312  
24.48030733  
92.14190207  
-84.45140896  
-53.00058451  
-54.16719239  
75.41554578  
126.5038712  
-83.22071503  
137.5398238  
55.25378441  
77.35228884  
-134.2948824  
-81.36966231  
-62.56432037  
109.315345  
-151.0712438  
206.1189979  
172.6270296  
303.2915174  
-65.41370943  
134.6236102  
71.41550711  
23.99066595  
-91.01457973  
324.3555962  
-81.68781371  
66.22804569  
-1.330661799  
-58.3477234  
-99.48028559  
69.79969591  
-4.495332868  
-103.5076161  
83.22291387  
-44.89933948  
-151.7727335  
39.34779155  
91.56234433  
-266.2509217  
-39.81574152  
0.2207461364  
-69.48825176  
-75.45917998  
162.8841103  
-47.90197075  
-49.45271491  
155.1605223  
13.59781009  
-62.33136287  
-33.17155068  
-101.3334134  
179.7342119  
47.26174967  
-170.4509945  
-200.1533492  
-41.51365304  
51.31240191  
110.3004427  
-0.2277789116  
187.9468119  
-185.2222248  
-98.30241969  
80.38464216  
-9.489214049  
-36.0380244  
-136.4501284  
300.7906707  
155.0784271  
-96.28897751  
23.97226135  
-69.02777875  
-159.7770635  
3.302365785  
173.6959449  
-125.682332  
199.3362406  
-18.46486069  
-144.3824179  
-174.3821666  
