-88.9336949  
-152.8351469  
-58.01499291  
-87.21038251  
-198.6117733  
197.8265419  
14.62907396  
-79.45867902  
-66.96293041  
133.5897781  
10.39753921  
-62.49822562  
133.9904544  
35.37921891  
106.1532543  
-130.7029467  
-99.71081386  
121.1778543  
-61.2755829  
-10.13966353  
22.76326938  
-251.9558729  
-81.22967607  
87.93421893  
12.53473353  
167.0611166  
-40.39191569  
39.96993024  
-93.48915988  
-151.1599506  
122.812129  
85.58109434  
71.82504796  
-53.80082873  
-31.26818512  
-110.0639944  
52.47116149  
16.20448611  
62.95064935  
-49.21076581  
426.8740494  
13.31854539  
173.5640667  
44.24030414  
45.53495505  
-21.52753841  
97.53391101  
-42.65814563  
-29.9378356  
-56.20471385  
-19.63428484  
-253.3422035  
204.1531951  
-42.88603302  
-80.48555706  
4.905138537  
100.9242597  
106.1514023  
91.28615556  
293.8413924  
-138.729447  
-53.2723082  
-16.44110075  
-31.98072781  
101.5734473  
184.6983445  
67.45658167  
-22.10985876  
230.3366891  
-7.715971978  
-45.59215389  
-12.17350146  
-53.14902043  
-7.401323301  
-89.72577054  
-60.79924484  
-97.11439774  
-19.75544948  
123.5075344  
81.03276048  
104.1274978  
175.3245152  
132.0402618  
-24.16209198  
158.435694  
-31.07055548  
-49.68692508  
-26.67964733  
270.3848019  
80.94903369  
-58.02746103  
81.8457987  
-52.78174108  
23.33204868  
10.61568569  
-67.93719059  
-15.64281291  
161.5060924  
94.3802507  
-74.14872046  
-15.61010233  
