-10.90524487  
59.51487366  
60.95123631  
7.582446852  
-129.9103015  
-26.48077241  
75.98278002  
-297.8664983  
68.48930209  
-6.800490142  
-6.544869985  
-16.73384064  
76.15992042  
-7.847630648  
-24.43558375  
-50.2045197  
136.2581776  
-51.90601937  
46.28558476  
-55.61550965  
-25.64015365  
-21.63103376  
-10.56979608  
3.603262797  
-54.0437838  
27.94460953  
-6.613085019  
-47.95898944  
21.20812618  
124.6380873  
27.08210641  
76.47018402  
16.063131  
13.8021241  
-22.31862078  
6.908296331  
-14.79313169  
59.59246854  
144.5896061  
32.95846196  
-10.28093466  
-97.33754455  
-39.0349719  
60.61948377  
20.52171207  
-65.28035435  
-13.27400673  
0.1295589501  
6.959347901  
-40.32948167  
37.18166509  
-34.01550044  
4.177510517  
-41.51115354  
11.07152133  
-33.21436822  
-1.103505434  
27.43789349  
20.35549432  
50.46286641  
-3.991613558  
-9.345131008  
35.96081297  
-96.85353531  
-80.34657292  
34.64283795  
0.9169535173  
-79.97276125  
-0.7724197014  
5.22205621  
-40.7464466  
18.82823547  
31.22029701  
78.1728986  
55.43120623  
-52.46724882  
31.68578103  
-22.21614227  
-52.78741893  
78.23650901  
6.85800902  
-8.841196801  
-140.8022038  
15.72160464  
-6.371899437  
-10.7340489  
-12.19927273  
-17.21824946  
-8.802966508  
65.65995235  
-44.36747565  
171.7772495  
22.4239942  
58.14714216  
2.653343405  
73.73671117  
-7.580551849  
-25.42247114  
30.11564141  
-14.67794833  
1.749054114  
