-87.94332827  
0.8471605702  
21.86274114  
-25.09452527  
-171.4183753  
57.89737474  
61.56258082  
-79.08868608  
-68.13246116  
6.066039324  
4.775510524  
11.90108813  
58.38140234  
-9.248871701  
-48.87235932  
83.85703905  
51.43235954  
-28.47058832  
-49.89596684  
31.47450893  
52.615208  
-20.17131694  
-27.88477713  
-21.08905689  
49.99532663  
9.978729231  
46.91984611  
-35.76847903  
68.45346944  
82.64511719  
58.83717941  
32.73180359  
66.84190781  
31.62053653  
14.60216466  
43.51525486  
-10.95511145  
-5.810658868  
54.37344647  
71.91200276  
-1.79946165  
-10.05056472  
-25.76512943  
36.15840915  
42.32504645  
-68.6439756  
75.38504356  
-28.65096551  
-8.194106778  
-13.78740968  
0.1490755455  
-28.71919429  
13.05917756  
-98.48476988  
-1.654318129  
9.996163841  
-6.777872535  
-42.21336105  
-17.7355426  
32.05144806  
31.71726247  
43.08249537  
3.284090633  
-11.33705146  
-16.24928715  
38.13945758  
18.10395206  
-49.27077382  
-101.9175325  
17.78739646  
-0.2789074292  
23.82357279  
81.23086542  
14.25537603  
4.201544782  
-43.39166773  
-27.28155433  
24.24859273  
-25.87039613  
28.67217122  
40.92019976  
-26.94407857  
-54.32843907  
4.97298645  
25.83686989  
-61.68815939  
21.53283334  
-29.4751146  
-59.02252689  
82.85588984  
23.18170931  
-25.58361733  
1.604960236  
56.28907399  
20.19620364  
195.7678733  
39.23763653  
1.825864735  
-65.02578734  
-55.39023435  
-8.368219351  
