-27.60379773  
-22.28190348  
-35.42716003  
-7.288806888  
-6.831276136  
56.92685287  
-9.831585231  
153.9666233  
29.42471133  
141.5973493  
24.62437995  
14.04356281  
-19.8268143  
24.0641928  
23.76874586  
35.02294512  
-83.42859315  
68.39738339  
-26.01003118  
17.22622725  
8.585388137  
59.77038692  
2.066489341  
8.727449848  
6.595062105  
-7.915726729  
-22.70601828  
42.56965778  
-24.94973525  
-123.8509793  
-23.11703123  
4.874565965  
-5.478296346  
-12.21252474  
39.37580164  
-30.62091293  
28.15583411  
-4.634603849  
-67.11131891  
-48.13119515  
40.73770665  
69.8830095  
62.63697702  
1.010732173  
-23.61008879  
50.86061697  
35.11822556  
-0.2222000314  
12.13958122  
-10.46371092  
23.85176571  
33.0076147  
-43.09351773  
21.97446955  
-5.788481741  
28.83286326  
42.8245964  
24.9101113  
8.159609064  
5.313977197  
12.51360327  
25.96708648  
-5.258997958  
104.6364694  
28.59948652  
-77.18528676  
-4.53236412  
50.77014237  
-18.81582534  
-2.701509041  
-2.853011233  
9.351469846  
6.017487464  
-46.45179554  
-5.060475786  
18.482928  
-4.86913832  
6.806929067  
44.84094539  
-11.81011438  
21.38258547  
11.22879108  
160.1001507  
11.87538396  
28.82803522  
28.0114164  
43.96389075  
11.61372787  
13.43725972  
14.35246797  
47.6779163  
-1.416859442  
-2.254012635  
-7.009537268  
8.529937824  
-2.584108906  
27.73845347  
16.13198994  
52.06303986  
31.82750669  
20.6947021  
