-43.1863117  
38.04854317  
25.52407639  
-0.4387881659  
-136.7415777  
28.41801997  
69.03691702  
-123.9688281  
101.9608382  
126.3486006  
15.52564523  
-7.490079904  
56.8556017  
16.39694142  
-4.613523633  
-10.41537727  
58.37995074  
16.49136429  
20.27555354  
-34.84478311  
-19.086864  
38.14155885  
-8.503307049  
10.98469155  
-49.56716664  
21.37977374  
-24.72388577  
-5.469827203  
-1.928562048  
0.7871079859  
0.1829775653  
84.93372994  
10.5848347  
2.143723162  
17.53346184  
-24.37160385  
11.01451413  
54.95786444  
73.30602869  
-15.61709646  
29.60810246  
-29.56296676  
25.34821568  
66.29440797  
-5.912878277  
-15.55645846  
20.0065131  
-2.592801934  
23.99186612  
-54.53351129  
61.03343068  
3.153692001  
-39.16436642  
-19.57524892  
6.365496992  
-3.916079816  
42.96735725  
52.3480048  
19.62913585  
57.23775595  
6.251537948  
18.11174078  
31.58013644  
4.220390166  
-53.52299835  
-19.1444413  
-1.645500594  
-29.96839076  
-6.906755551  
4.246364662  
-43.78828294  
25.83002552  
39.27384499  
30.14591555  
49.98800994  
-32.25535432  
26.42140476  
-15.099967  
-7.520906593  
61.93364284  
31.12748447  
8.138382487  
13.39380199  
28.78751754  
23.99447983  
16.5436108  
33.79473462  
-3.077456578  
1.419617118  
80.01242013  
4.686752021  
171.1862339  
21.11238206  
51.90364424  
10.90677752  
71.15260242  
20.15790181  
-12.57322397  
83.65844285  
5.833054541  
21.13496247  
