128.1649258  
-90.35319423  
-53.45391048  
-98.9021667  
-76.24883674  
146.1933592  
69.26786787  
33.6640543  
56.46215032  
-103.3621446  
52.74328471  
87.8812273  
14.17113608  
-37.95547862  
42.33625774  
160.6498163  
119.2718205  
-25.21594327  
10.84386781  
47.43800462  
-14.82982019  
77.10063961  
46.15477824  
-87.94990108  
59.26909951  
-47.99509871  
-129.4240048  
82.92479372  
-171.7912465  
37.7928675  
42.86857791  
-60.07343154  
122.807428  
7.211242086  
68.92439696  
12.61890504  
20.52811001  
8.684488293  
-81.6058527  
13.78466934  
-108.607579  
36.04114731  
5.751394827  
-36.12166707  
0.1419941523  
32.05798388  
104.4678265  
-3.708584309  
-27.93865273  
38.30016215  
-19.58355615  
33.21668541  
90.20453209  
47.69034317  
-75.25436819  
-65.91118594  
-40.69004  
-7.756658095  
39.61821015  
76.21128168  
-21.61015667  
33.17110183  
16.03965834  
30.83608476  
-35.47788134  
43.29321688  
-14.12646709  
-23.15077332  
-92.37740202  
-11.50850464  
5.984992558  
6.165502979  
-32.7539436  
59.55685033  
-1.029499327  
64.0194647  
56.01361289  
-83.64407501  
11.81092478  
-95.25534589  
-73.52953598  
-40.74345616  
95.21319487  
17.95644359  
-10.97859655  
0.7140212366  
-28.68763428  
-21.58342069  
-66.61484032  
-90.42816567  
-37.47148368  
-355.3824199  
-115.326158  
123.5725178  
-30.59743162  
246.4609349  
38.04891638  
-67.00766019  
-41.77392335  
43.40181497  
76.88397533  
