-16.03005269  
9.458362968  
18.44316643  
-4.639967065  
13.39342885  
-14.03447811  
-3.784909508  
4.275024041  
-5.398691995  
16.20937387  
-4.448380481  
-8.144458626  
3.984439828  
-5.16050628  
5.097529904  
-3.193468851  
1.056122746  
2.957378263  
-7.739893623  
15.29512559  
-4.546981456  
5.388450146  
-5.293881981  
3.49263828  
1.964856334  
3.041465831  
15.3491889  
0.2803149081  
1.343273127  
13.86661055  
-8.594599112  
1.702425056  
12.93291326  
-16.29024089  
4.729066929  
10.17669015  
-3.078633993  
-10.06363968  
-0.8223872327  
-12.77355049  
4.638328246  
12.95811783  
10.64500377  
3.389805316  
4.792883328  
-0.6486409371  
-3.117080755  
6.634672095  
-5.616312676  
1.690773586  
-4.466554802  
-9.055823313  
-5.395193486  
3.286499762  
-3.654493456  
-6.181254242  
3.449644794  
0.07580998232  
-2.320412099  
2.597956378  
4.033714847  
-2.314225858  
-5.677776098  
4.55363466  
1.730923298  
1.174269876  
-3.189463527  
2.476139111  
-0.2334447715  
0.5703722069  
1.41722492  
7.081274748  
-10.30125161  
8.073226758  
5.428881669  
-1.488379902  
4.68478489  
-2.074975108  
4.845273552  
-1.725078454  
0.7469284042  
-7.667580716  
2.388212175  
-3.450284221  
0.03144862859  
4.8238874  
3.473314921  
1.496095708  
-3.683818558  
1.689663963  
0.5810929998  
-0.4933225649  
12.40740655  
-12.19547957  
2.589550645  
0.09631206549  
-2.506563674  
-1.681172379  
-2.053897031  
1.596718629  
1.223891939  
-0.9125453286  
-2.737413067  
-1.923908291  
3.057242984  
-0.2179745967  
2.782496424  
-0.7259463218  
-5.40739305  
2.117381176  
-1.396829789  
-7.552971327  
-0.6797587062  
2.265567676  
5.544472075  
0.06857916065  
-1.129471242  
6.185661943  
2.379551541  
6.927700816  
-2.801817101  
-1.69795424  
-15.07041346  
