-131.99278  
-124.8222424  
128.6965257  
-102.5579199  
-128.6980826  
208.5245096  
-242.7057085  
151.5053565  
212.7791605  
322.9662332  
-78.5596995  
122.5395884  
9.788936262  
61.44920268  
325.5571196  
-105.8324629  
-354.9580213  
151.34753  
-89.41406282  
-4.9229549  
-122.0604476  
-178.9012434  
-168.1787503  
65.26592926  
160.3257734  
163.1646794  
126.2050989  
135.8710361  
-643.0349879  
-92.22083977  
-71.62826338  
-109.139691  
-244.1593231  
87.36787564  
81.1360895  
-143.4692376  
-65.43074374  
160.0720489  
-358.1025374  
-239.5130354  
369.9680834  
135.8550543  
99.39849641  
-1.653026215  
-22.51675677  
229.5966784  
-275.0188415  
-97.43335373  
-26.47826113  
-36.17610942  
18.14751485  
-130.883341  
-8.416925528  
-91.29066237  
11.71305744  
-0.003830415862  
-4.443294968  
-41.68064908  
-37.84214228  
76.47421896  
22.61711362  
-7.514411576  
-111.7537935  
175.7000975  
-135.0874423  
-14.58030759  
33.0259753  
-13.57232635  
41.65410508  
38.06491411  
181.0943198  
122.5881772  
-484.2521379  
14.38232269  
82.48355062  
64.97400073  
-108.0335044  
159.621067  
-101.8117909  
25.45175678  
-69.15075008  
541.0012752  
52.71769837  
56.07932358  
15.50679857  
-9.54945176  
67.09071298  
211.0057418  
1.155536237  
134.0057666  
82.93994196  
117.0883552  
37.73373685  
-347.3794761  
42.11391016  
-146.1807968  
177.4538274  
95.99714863  
211.6285089  
