24.57114853  
104.882388  
-159.4401804  
-162.3908507  
-276.6629234  
-250.3614992  
288.774725  
-605.3585574  
-243.5215918  
125.8437715  
117.1657103  
-436.2871453  
41.07180498  
-155.6975659  
-210.199534  
-77.77875498  
502.9442664  
-131.0041199  
398.411774  
-198.2465872  
111.309553  
25.75124904  
68.0379278  
-135.8011522  
-274.0447719  
137.4532025  
-31.83780798  
-243.3367553  
562.8666616  
117.2036983  
111.2018805  
144.2846693  
20.84993989  
-88.7321853  
53.88653435  
-153.1643954  
170.8594699  
-202.0686954  
311.4639966  
72.92760815  
153.5859213  
-205.1015476  
-40.53229438  
123.8481317  
111.3193549  
-468.2412251  
366.0163531  
-39.85264894  
-67.23019109  
-191.4756605  
82.24042804  
-201.0444718  
204.7932881  
-16.81183245  
-48.54957109  
-165.4807776  
51.31270412  
90.54219387  
111.4179281  
-184.6341788  
-40.90474184  
61.1506003  
126.4579622  
-67.58121524  
-65.71940143  
11.19998406  
-40.38616402  
218.0912407  
-61.3194507  
25.67964856  
-242.9606849  
-176.0869425  
505.2975692  
-129.6587727  
-222.9792176  
-317.5811328  
-48.22238124  
190.3295287  
162.8048483  
386.588119  
-158.9678939  
-331.5095012  
-62.35797637  
-52.47480476  
25.57734142  
79.56413528  
-30.2752775  
141.714917  
-163.543726  
53.25639309  
17.25021631  
-82.75000836  
16.68786648  
407.5248846  
-90.7030626  
275.5448919  
-229.3261636  
-110.8048694  
-317.3340501  
