105.2532531  
-338.661446  
-13.83777302  
-178.5407738  
-230.5114471  
-187.180454  
-209.8166974  
-821.1574211  
-23.56859923  
-71.94884791  
286.7615978  
-412.7020514  
102.6631476  
405.8143148  
-237.5705114  
24.90034137  
152.9806763  
371.5802914  
174.5030647  
61.88499841  
272.220099  
30.07047347  
-128.1722371  
-37.48912566  
-78.70523269  
-47.05033245  
381.803482  
-223.1878507  
161.0100334  
178.9349595  
33.78598928  
39.52872964  
352.6456942  
-6.095354691  
16.2386632  
217.3605593  
18.57246896  
-95.17852455  
-19.42215538  
309.7984834  
-13.35783601  
11.62521648  
53.30452632  
-107.9677009  
31.20848574  
-128.4550649  
234.9107056  
-296.2488066  
-204.6871726  
-89.6055527  
-48.31797917  
-128.7028367  
101.1291056  
-197.9739087  
-47.06409351  
266.5602316  
36.44574234  
-511.8708599  
37.44711266  
-75.37503784  
-96.95851893  
-9.008414481  
102.1630003  
-96.0848863  
12.56839528  
-127.8956465  
-125.3945536  
-60.66541529  
-74.7983157  
135.8262454  
-163.257511  
28.11435142  
523.3148351  
-47.60538173  
-135.7392028  
-120.6650756  
164.0528802  
313.5556363  
154.1692506  
45.99036331  
-230.9551888  
114.4613689  
-39.50763607  
45.58284654  
-87.29329539  
162.8832648  
-3.038684845  
77.07364291  
-98.84619946  
33.10950102  
7.789705002  
51.45569758  
-19.95857234  
183.7581063  
-55.61670232  
51.09880591  
-51.46936452  
-337.5064904  
93.34801235  
