-80.77017408  
-11.53136047  
-30.74365531  
-297.1473929  
-405.3610039  
-42.36219049  
69.99956911  
-402.3629354  
-20.72705709  
429.7814172  
39.37729706  
-326.1874385  
48.91273073  
-85.45548838  
104.0730478  
-186.2886998  
143.9560384  
20.34341338  
308.9977127  
-140.7190653  
-14.32344753  
-162.914286  
-100.1408209  
-73.37786958  
-132.9486582  
277.8738361  
127.1160056  
-123.0832121  
-93.88992143  
24.98285799  
41.67521536  
36.49508152  
-223.3093821  
5.903029306  
132.6241051  
-308.4300474  
102.8973061  
-41.99664672  
-57.46963591  
-157.3593341  
511.6708878  
-60.06004176  
67.78323609  
136.0233121  
74.46183142  
-239.8122153  
63.92830014  
-119.0169359  
-96.89331143  
-244.7236713  
100.3879416  
-317.8166154  
198.1027425  
-105.7903024  
-32.13071833  
-160.3549439  
49.58917618  
48.86154933  
72.1487212  
-123.3834784  
-10.74222391  
65.71171699  
13.77430783  
100.2919417  
-222.4831499  
-4.188225738  
-11.43872769  
196.011267  
-19.48218453  
64.63160204  
-62.7949418  
-53.90400439  
15.05533779  
-114.4589864  
-139.5984956  
-251.4676246  
-150.9337901  
311.7213247  
58.61658789  
409.2679672  
-196.7226136  
202.2970641  
-11.89993775  
6.879812011  
38.69424691  
51.6036377  
36.83097695  
352.7206576  
-168.6081241  
177.4376355  
88.46254677  
31.52887549  
56.38337272  
60.1454125  
-48.58915213  
151.720581  
-40.4858035  
-21.05017758  
-113.3440852  
