-73.65816541  
-351.1574425  
276.0995525  
-561.0050128  
-391.2928194  
256.4719477  
-44.52791308  
13.57316061  
-145.5661957  
0.1253307802  
386.7661348  
249.6561843  
424.184868  
-55.0588682  
-0.133026668  
-105.5139213  
189.1599296  
-715.1657779  
-290.6019043  
-227.2988362  
22.16737682  
-47.51186463  
-41.11411033  
-81.06472036  
281.7793922  
-515.6734159  
257.892299  
497.3111366  
-413.4350384  
-40.41587019  
238.9596934  
-278.4912953  
-189.6387536  
-86.73020322  
-20.42634981  
-250.7272175  
-135.5482735  
394.3302582  
-133.8638931  
260.7394595  
-68.74747188  
135.9800082  
98.36353719  
-234.6591934  
-184.7133643  
261.7529222  
29.1146321  
77.04404564  
-426.907989  
-29.56717518  
-767.0886863  
198.9334036  
-245.5823558  
34.91009361  
-92.95993883  
-31.637349  
-59.82744312  
-379.5450482  
-313.2099776  
-111.4306697  
-133.5564237  
224.8259853  
-38.38045406  
-567.9225497  
58.25091047  
-530.4649658  
-129.7794959  
96.31173624  
-164.2642698  
2.021682748  
-59.43711182  
-419.569762  
255.4540951  
-42.33434003  
-88.98661874  
68.79686131  
-49.0104319  
-267.9959646  
-447.5429382  
109.3318443  
56.8953957  
97.76136218  
-206.5597381  
-179.3061028  
-145.5097063  
232.3810502  
-546.2689675  
-624.4060764  
122.2473113  
-109.4800268  
-300.4771199  
234.6387722  
-302.9178165  
-163.2375127  
253.6498853  
-133.6792773  
22.75042561  
-252.3060554  
-277.4741864  
