5.639102778  
0.4123181224  
-0.568675907  
-4.771973476  
-3.203881207  
0.1401567012  
-2.803610657  
1.862143868  
3.551803203  
-1.160343409  
-2.149557748  
5.792013482  
-10.22519116  
4.074869487  
-1.729315057  
-7.71786685  
-4.098241915  
-3.722101405  
-0.3145276383  
-1.452941081  
-1.658501171  
2.235380572  
2.78836824  
2.545874374  
7.410290688  
1.37296562  
-10.91294237  
0.9647403179  
-5.432258026  
-1.062287865  
-4.897902867  
1.798915847  
1.552751316  
2.457670164  
0.1192002784  
0.5910188779  
1.006453057  
3.017467463  
0.8176782064  
5.454278105  
1.501909015  
2.400629836  
2.069704063  
0.6905350368  
-2.707706291  
0.01910469932  
-1.034573101  
-4.668116066  
-0.5492678076  
-1.974914137  
-0.8955531081  
-1.33553597  
1.476098147  
1.075084886  
0.5011602763  
1.557042506  
-3.072575769  
-0.5434164716  
0.9340386644  
-1.703927188  
-1.503114823  
1.291509618  
0.938513043  
2.145797016  
-2.333871962  
0.6640961959  
-0.5937905997  
0.01359622702  
0.5894202974  
0.2033414513  
-0.7510800242  
-0.6510111015  
-0.9538478781  
-1.367590021  
0.7839324407  
0.9577791864  
-1.253297691  
-0.2618441142  
-2.119575498  
-0.4761528615  
0.6737743452  
1.079390647  
1.216831466  
-1.318943495  
-1.009256154  
6.938452429  
-1.232598626  
-0.5487631686  
2.024746114  
0.7533019856  
0.9969790167  
0.1581867917  
-2.783706527  
3.579645436  
2.662130329  
1.32476033  
-5.322752463  
2.954484086  
-1.333095758  
1.892023802  
-2.354434887  
-1.776393643  
0.4058333919  
1.520567723  
-2.502897236  
-2.986250933  
2.109093932  
0.4268102325  
1.058797216  
0.9301061511  
0.3583530379  
0.6928801477  
2.337818311  
-1.844405479  
-0.002651690505  
1.705578389  
0.2180691086  
0.4331934309  
-2.198278022  
0.05809060447  
1.973188647  
-1.066531447  
3.408756892  
