-49.86979788  
61.41350469  
243.8346066  
-187.3720846  
-83.7076923  
58.16684597  
26.62793734  
-16.58308698  
-13.95845217  
20.82310185  
115.4683519  
-88.46672921  
-28.68199934  
-3.855754766  
-9.299868226  
-3.950612762  
133.2755688  
-51.29447558  
0.8082909449  
-189.2477036  
-38.641083  
-38.57955334  
31.42559199  
-82.49637886  
-51.64043041  
72.27938219  
30.16898309  
-74.97271091  
-78.88624868  
-4.414694298  
-56.71810191  
-142.217907  
-69.54699542  
15.58200711  
-93.27949108  
-0.9938792315  
-16.97482618  
-85.60149418  
-8.329232996  
-89.90863744  
35.1016632  
52.86154747  
-2.201946302  
6.635257716  
-213.0491883  
-93.18756866  
-59.88553746  
220.2013532  
-5.724168929  
-39.98558443  
23.45249123  
-221.3795539  
-15.47827498  
126.942874  
-8.60421268  
72.33261086  
-56.81682474  
21.40163836  
-79.1761446  
-131.9107718  
71.87758946  
-37.12332448  
36.69244367  
-44.30631663  
-31.79953077  
2.902500727  
-58.18580573  
-48.59004582  
49.02355789  
79.81086783  
-42.54573458  
39.15301108  
11.87637807  
-102.9761644  
-35.4611336  
-45.75265913  
-27.09729602  
80.68145217  
-160.1742347  
207.0406106  
48.47030661  
-32.28464121  
-16.45274364  
-8.874626767  
-99.10026649  
40.75831012  
68.62704307  
12.47679352  
-19.22539537  
105.5050894  
-29.7340684  
9.434974735  
115.6534457  
-99.58823934  
-47.8658925  
-20.94931165  
-41.07512157  
-4.888015888  
52.28379583  
-100.6831183  
-42.4135786  
91.12717221  
26.18104529  
17.45128098  
-58.18815479  
94.86408255  
13.35191974  
-4.321673859  
-135.1326749  
-235.181701  
42.39339087  
-48.98833065  
