9.006591737  
83.80929115  
248.6751279  
-69.36502816  
-0.1366207383  
69.32248947  
-27.9687073  
49.04324603  
76.15362508  
-0.2813402956  
-39.06424902  
-64.6210639  
-18.05866393  
-29.25218305  
-16.6931336  
117.1995616  
460.3568514  
-14.71568271  
78.30463219  
-105.8586943  
-29.58652963  
-24.78726803  
100.2737833  
-93.10953041  
-48.59106216  
57.40404953  
99.2207313  
-64.59708478  
-259.7411516  
-14.27214074  
45.5104279  
-24.00177051  
-40.79923103  
-71.64866236  
-76.11257787  
-39.32334915  
-96.73696544  
-94.19307174  
-88.35201827  
-17.02505231  
46.22356662  
-188.9170525  
-19.90482097  
-91.9242659  
-19.78685182  
83.29967239  
-66.25088612  
437.9545475  
-4.902771516  
63.04830823  
-117.4126489  
7.942329331  
-9.26618899  
50.73475305  
23.87601902  
60.93845305  
71.76105009  
-16.8160481  
-23.05869133  
165.1191357  
-38.62488617  
-46.37049049  
-7.292771188  
-13.22713626  
-146.9893428  
22.27747508  
-42.80548242  
-21.06413334  
-91.47797589  
21.45020957  
-51.71976738  
-24.28279496  
-46.41536693  
-55.72569385  
5.152766569  
5.769061695  
-36.17289084  
31.22701758  
100.6509259  
31.08043632  
3.160608894  
-18.8396656  
229.1980712  
-123.8947065  
-111.4359039  
15.5093699  
-51.47845905  
33.49771946  
-24.2532037  
-23.06104197  
-200.3072628  
11.6915175  
-276.9520405  
-17.93100999  
-93.08079449  
-94.56696744  
74.18649705  
1.219397328  
112.3378822  
71.65885516  
-68.73953152  
54.54123336  
-149.9589485  
-13.87842979  
18.9391822  
35.97315062  
-90.93205101  
-76.71966938  
-109.2283128  
-196.8853715  
-1.993213393  
-0.5851485032  
