173.9766334  
40.06317325  
215.9182307  
18.02752045  
-42.291021  
-39.00009329  
-46.25715703  
32.89422899  
30.63593824  
-42.10691816  
80.2204405  
-54.72982773  
-60.07561232  
-88.24670965  
3.100343683  
-44.23536448  
23.83651815  
167.1726447  
82.68323335  
-77.13026027  
-21.57405837  
-116.0097954  
-77.71360033  
-12.42169987  
-149.4672151  
-13.67417307  
39.9091334  
-9.840611506  
-90.23097667  
52.96714945  
8.272437636  
-45.11278466  
-49.77385524  
15.04517593  
-113.8900884  
-62.57865472  
-77.47584709  
-13.66280571  
-110.5860775  
-10.26560224  
33.74416715  
-164.685469  
-36.22606308  
-4.834724372  
5.833051053  
-58.940018  
-12.8697596  
100.8517395  
-37.66369866  
39.09161438  
-31.99589872  
-50.12047828  
-6.084389646  
157.8945578  
4.376962315  
52.25334334  
66.86311445  
-46.34889429  
-141.2046676  
18.68881265  
-45.07275451  
28.18739776  
-83.54069983  
-2.572488676  
-41.04250652  
-10.40748103  
-4.245792649  
70.20629796  
-72.3218632  
108.6995517  
-126.1457939  
-8.972126316  
-136.2084532  
-86.85323585  
-12.33311471  
44.46266803  
-46.58484585  
-11.65551662  
-7.914151246  
139.3316985  
71.7428308  
-76.09363963  
-9.613419619  
-85.30885651  
20.53665784  
0.6625287196  
-81.01082394  
-11.54040338  
-48.83055167  
91.43258576  
-13.63522821  
3.66902508  
-82.39535418  
34.15383452  
191.7009627  
-4.744434693  
-53.16264776  
-31.56035257  
-110.547976  
25.0586317  
27.36555058  
93.42878769  
-32.98212548  
-22.31038974  
165.9594691  
71.89391531  
74.29113564  
57.18931064  
-130.5943933  
-98.85418503  
-17.11050306  
-52.85900307  
