104.9400412  
142.8240745  
-33.6822515  
-30.1331123  
-8.751521891  
70.01770475  
0.7509223331  
25.87635212  
19.03090338  
54.2483767  
6.883342586  
-169.6412196  
-61.09224228  
20.13245834  
6.270767797  
15.46530411  
45.78894328  
0.3402505571  
-20.95204346  
-128.3254926  
-52.84298267  
-1.412372893  
-40.53849194  
-51.40221494  
-55.31486174  
8.984394946  
46.21777471  
10.81259435  
-151.4496821  
25.04628122  
-17.80118696  
-46.58178642  
-99.69902221  
-6.521580296  
10.34674912  
-165.1150076  
-44.2098779  
3.144429283  
-33.93579579  
-41.93390786  
-9.127135049  
-65.46659933  
-56.9275012  
-7.16875098  
-118.3888952  
59.64867495  
-35.56036206  
268.1244382  
30.1626024  
-38.43979879  
39.8236586  
-103.0854447  
7.307468414  
58.16493493  
106.2102665  
113.0698487  
39.70510876  
44.45675954  
-30.47302341  
-123.134401  
-39.24963665  
16.5363084  
121.9220922  
42.09695946  
-44.15049249  
67.77740166  
-116.0907962  
-50.60305221  
-131.5380436  
8.362482526  
177.4882537  
31.86553743  
-15.87365839  
-64.28539853  
12.43889465  
-24.32546654  
-138.1809562  
32.13691569  
100.6612971  
77.69582343  
150.3024747  
-21.33488242  
37.87180788  
-73.86377658  
-64.04550866  
47.96019604  
15.91131492  
-16.23836751  
-48.7432303  
44.16211174  
-67.91131657  
-92.94263024  
-0.6286365498  
-71.23167164  
192.9427208  
-155.1206353  
-8.996555719  
-49.69060072  
65.57664728  
-111.3522082  
-45.39712893  
85.11408823  
-61.79036782  
99.03352356  
-44.24523096  
42.89532319  
-49.78659035  
4.303789843  
-54.58053667  
-209.9664799  
18.91413504  
-66.15587659  
