-135.948348  
2.776286862  
40.50778814  
-69.39805625  
-70.60320205  
-13.70584507  
51.79052957  
-10.202513  
21.3412323  
-64.83701025  
32.09963426  
-27.96265481  
16.47624987  
9.662176162  
-8.912134739  
34.15470473  
361.1760105  
1.013074552  
126.8556031  
-202.1638744  
2.448331009  
-13.79076778  
-63.54346865  
-73.74932174  
-69.65372547  
20.87948495  
14.53296601  
-37.37518516  
-110.3432576  
-7.889534194  
2.250554659  
-106.179973  
-78.81463137  
-8.906455744  
29.28550052  
-111.435278  
-107.9174736  
-54.66473971  
-191.7392873  
-60.80578905  
35.00706941  
-30.05820644  
-85.49965325  
-99.44401479  
-9.199366223  
55.7610233  
-11.21091869  
93.68025409  
77.24546066  
34.39106065  
-21.18853606  
23.11501376  
-83.89238388  
94.36857796  
31.87947837  
107.8121227  
23.09956188  
24.01462502  
-157.4785601  
134.8317711  
95.64464162  
36.92164437  
71.15416816  
-37.65325789  
-51.22938676  
-57.98034295  
55.98461186  
-4.550935073  
-40.49579725  
145.6692146  
33.37176525  
-38.78240446  
8.08471574  
-160.1750204  
-63.64925136  
200.1789498  
70.48987109  
63.135325  
-41.07452299  
10.82519794  
15.62999047  
29.8459153  
-113.5478647  
-71.82690268  
-177.2435703  
-4.753733353  
-50.53976328  
33.45049011  
42.35413018  
-94.86149745  
-192.989884  
15.12773183  
-181.4352405  
16.66383877  
-36.96574504  
-50.2762657  
83.93046827  
15.5365683  
-56.48393566  
70.30771039  
-81.56132594  
19.4234066  
17.33398732  
-38.87463957  
24.99771593  
-5.93069535  
-139.1925748  
-22.76441073  
16.79524554  
-146.5218521  
8.24157082  
-68.91122965  
