-91.0852318  
7.389966152  
37.58999845  
-95.02029189  
-4.041300094  
-146.3910074  
46.21631203  
-30.44545862  
90.3724794  
-93.62513967  
-13.11354646  
33.69005878  
-39.6295929  
-44.08570949  
6.142084967  
-31.33680812  
10.01067999  
-83.54059553  
80.69216871  
-176.7252474  
-15.48394994  
-1.662372199  
32.60233905  
-27.86210321  
-145.1338419  
64.51393147  
-1.718694289  
-48.64969219  
-97.3547655  
79.6045071  
14.44743713  
-99.57678769  
-44.65179608  
0.6513202841  
-36.08835998  
-183.2150353  
-111.8542127  
-183.3916859  
-146.9189108  
-27.47812111  
-7.369783423  
-57.79292913  
-78.03626893  
54.47140258  
-209.5478155  
55.25426592  
-76.81130693  
121.2793495  
-53.61291901  
-83.33101663  
-7.399166213  
-70.93915188  
-98.69723897  
128.141526  
12.32351006  
-13.26395376  
-84.44619378  
-5.772760158  
-126.5734815  
31.48529807  
-26.30580917  
9.74030505  
40.99332595  
-14.21695664  
-70.47530018  
-65.65729486  
-91.76671496  
-34.69435037  
-124.2312658  
110.4591328  
43.15596689  
-25.62026661  
-63.05772609  
-84.68702355  
-70.99246492  
54.65650985  
17.4052217  
-42.06151446  
81.19748087  
72.75210761  
60.32829079  
30.81173923  
-154.2008606  
-49.11500627  
-2.889120904  
4.762491313  
-22.0170202  
47.98451326  
-60.00996977  
-43.53189616  
-137.4297244  
70.33068071  
-80.71613244  
5.621240367  
214.4094401  
-46.06552056  
-63.25998274  
23.19380767  
52.60114439  
-51.16157974  
-64.99645259  
4.797590229  
-23.9590128  
-49.09511128  
0.4100287394  
3.37207792  
-38.62114169  
70.77816729  
-99.75825028  
-207.1174334  
29.67029524  
-23.60238717  
