-259.5189078  
-263.6039124  
70.83265285  
-178.9826774  
-250.0100691  
-398.7659728  
161.3094036  
241.4817428  
254.9566537  
-189.5194388  
-8.18521061  
38.7359809  
317.2753422  
171.5697932  
380.3543302  
104.0154182  
-30.36107453  
297.3823063  
115.6027361  
-511.8425057  
-75.25620385  
11.51032069  
46.64220886  
-74.70743787  
-4.19165926  
-57.48089905  
-75.18688019  
-413.6789749  
420.8325072  
338.6212926  
-408.7993205  
-221.355516  
128.4107864  
-121.3130968  
41.29959731  
3.760997049  
-17.7157523  
-23.48359207  
36.98871389  
64.24649614  
-186.8251748  
148.9799915  
-96.23361642  
92.88678987  
259.58685  
-98.35194317  
25.82495056  
116.4941534  
72.45511902  
-270.1155331  
274.5940033  
-516.6917597  
28.55042354  
-140.108507  
-284.9063398  
-37.12480409  
-115.846372  
-280.3587607  
66.86609477  
-215.5956792  
-225.134969  
93.87220905  
181.1526675  
449.7297861  
39.89683961  
-741.940201  
-282.8501011  
116.7422555  
-120.0156194  
-209.4361392  
46.23916175  
-40.86334997  
191.8922873  
-37.28731803  
-65.70236545  
191.794819  
206.4657986  
-64.60554068  
-311.2792587  
-160.0532474  
272.549309  
-123.6838105  
-294.0563169  
-337.7604652  
284.0972909  
-150.5506028  
-152.8687924  
117.5252406  
72.4725886  
-495.4154153  
-161.5680221  
-308.9500417  
122.6943982  
134.5165447  
-62.99640211  
-234.497773  
-268.370617  
-263.7340428  
-149.435096  
-365.1451169  
-22.32464521  
-484.8149525  
-38.77666152  
-5.075724786  
-274.3629862  
-513.5943241  
-268.8201663  
127.7799588  
140.4961496  
-85.59543503  
-317.9321055  
-17.77618446  
-249.4049844  
-340.3255572  
-114.7819242  
-184.9862848  
13.77579175  
370.2653137  
450.9569384  
108.9399862  
-182.1751338  
123.5452853  
-27.16492533  
