34.782397  
75.13470632  
26.42963813  
55.61732787  
-535.0909735  
171.0680246  
196.7707951  
28.5833529  
-32.44588284  
202.6766027  
-30.8554981  
169.0276249  
-124.8069606  
113.4090992  
96.34679593  
-65.87766124  
24.4420395  
64.95092822  
256.0126853  
-31.52424949  
-32.16469265  
-90.70819162  
96.39113166  
147.0487033  
-64.35333752  
78.7458053  
39.17197354  
-47.44636457  
122.7750943  
-65.76308857  
43.15295631  
646.2895156  
-118.4635558  
186.3609627  
117.0083858  
122.9052409  
-9.971834985  
231.079986  
45.13850589  
-9.793663534  
446.9136732  
-46.73796047  
42.86970435  
182.7481354  
113.5428276  
20.39653063  
-18.54713809  
94.09396503  
256.6882011  
-20.21133261  
-0.4521091066  
244.0000482  
230.5228202  
-140.0051764  
218.1955603  
46.78327877  
46.42431077  
133.6348686  
136.9128794  
72.88381426  
117.1911291  
137.7987906  
9.388979467  
297.5790929  
17.14234757  
248.3065685  
39.54510424  
-116.0539712  
-38.05830042  
83.30465424  
-23.20096084  
57.96763805  
46.1534264  
-45.29013416  
63.30110682  
14.61305659  
87.24568219  
162.1969367  
45.37100709  
204.5851917  
161.9805396  
42.15853302  
210.0209642  
56.39281425  
-7.706431159  
43.12120432  
216.3889451  
58.60576927  
-6.695935807  
315.2680473  
74.82543153  
-72.30272044  
153.0392112  
319.2650232  
108.4642835  
4.955919515  
322.1216659  
209.8657835  
269.1202188  
18.14341181  
137.7167068  
