-4.64886727  
26.44763301  
28.61995837  
33.85996247  
28.17098997  
-79.51361606  
-140.4278262  
-9.828619471  
24.61884246  
-104.1080171  
-33.83813491  
39.93782774  
-21.28969458  
-4.670221837  
93.94094535  
-73.38047803  
-161.3439739  
-79.88107738  
105.7679045  
58.88596417  
17.91612527  
-122.7657037  
-46.18962581  
-8.071738695  
40.54511699  
-32.90267541  
-131.9564996  
-69.42525673  
5.307121941  
-23.45522508  
89.24133769  
89.1069394  
23.59805296  
37.375117  
23.59961037  
-52.16317868  
-30.69759378  
-164.7757958  
35.67129756  
-125.2497557  
129.119347  
93.43299064  
3.539221731  
-113.3337509  
-15.72248082  
68.94403465  
65.94449832  
-37.25130409  
114.6930884  
-35.79354477  
-74.2819803  
-13.99731376  
196.6986335  
-10.63551857  
68.31085973  
-73.49025256  
-23.20454476  
66.43959263  
-59.78444419  
-15.88237374  
-9.001292625  
40.57371863  
30.13120765  
-43.99155302  
-12.56076271  
63.66208487  
-60.54606329  
-8.119019381  
67.1120459  
-36.03228797  
-61.75215719  
163.5262881  
36.83277027  
-46.76398361  
-25.01424187  
-49.53710003  
109.9545165  
-0.9548199904  
-73.10546706  
-44.0990876  
44.67984327  
-2.1340694  
50.48056943  
-20.67408552  
-22.21861035  
-64.74600745  
-128.6859121  
