-1.830358991  
0.4538238855  
2.935625816  
0.5936295234  
-3.770491021  
-5.109870815  
-1.149754929  
2.735425047  
-0.4019939092  
3.576037579  
2.277271296  
-4.383077052  
0.9793861844  
1.928909781  
-3.383260453  
2.534552231  
-3.363374369  
6.88606866  
1.948268392  
3.361566596  
-0.4328482567  
0.9462382365  
2.442874084  
-1.730340563  
1.217209111  
1.443726005  
4.006671834  
6.56163284  
2.899557253  
-0.0233980375  
0.7339352875  
0.7827695866  
-1.852176739  
3.67715073  
3.33600262  
1.803834824  
-1.36012223  
-2.942382846  
-0.6196165384  
4.261249117  
-2.667173075  
-1.832789002  
-2.344993506  
0.9448147964  
-0.4968659324  
3.739657845  
0.7935336174  
-1.402520647  
2.324163265  
1.654671328  
-1.018738265  
-5.742560173  
0.1074366349  
0.6396050162  
-1.729220918  
2.851605414  
0.1621405876  
2.428882332  
-1.591242879  
4.087351339  
1.172417605  
-2.009169608  
0.06308041739  
1.808621584  
-0.4502017628  
3.908952043  
-1.382921953  
-0.411402096  
-4.168488139  
2.425463867  
-4.324773227  
-0.6297357991  
0.4129677359  
-0.810140137  
0.1035557673  
-0.9347279745  
-0.6465563925  
0.7923950619  
-0.4670161864  
0.1340811585  
0.4307819774  
2.617687659  
0.4554743567  
-2.180658664  
-0.1053710486  
-0.9454977623  
-2.424576392  
2.894603803  
0.3700723644  
0.6468282161  
0.7790592245  
-1.596718758  
-3.733614049  
2.440691947  
-0.8625317369  
2.895329538  
-0.5234615096  
3.249051278  
-2.811957745  
-1.642801082  
-0.687262905  
