-423.3699093  
-26.19158451  
44.78989435  
-115.2147986  
-142.5285002  
-104.666937  
-105.7954785  
-206.9207268  
-32.89139168  
254.8332015  
11.67756334  
53.06695322  
-20.42496784  
-58.98294248  
66.96653964  
93.91177708  
-178.0003028  
10.71030745  
-140.1965792  
-178.5482553  
-118.3979884  
-57.34216228  
117.6915188  
-133.4422983  
-94.0963275  
-15.79939233  
137.2560622  
-186.8403887  
85.80952022  
-114.4986831  
-181.5083314  
1.493475951  
-44.13600148  
28.11841052  
67.30022628  
48.01736483  
-126.435878  
-96.85853701  
196.2129619  
41.68335894  
-29.32776213  
82.26409212  
115.1984323  
12.32736146  
-107.5735801  
16.92032908  
40.11438373  
-75.24870504  
75.93114149  
24.47187141  
-6.866207966  
-120.0827849  
-35.92299373  
-146.8483673  
-39.920161  
-161.4714692  
-68.93342377  
64.955429  
-35.22631388  
48.12481169  
-90.8897812  
77.73952752  
119.7021656  
-61.47620975  
-155.971155  
-129.5168012  
-39.25864251  
115.0280063  
114.7344036  
-39.09362325  
33.90944987  
-84.0968209  
19.52918944  
-87.44485415  
11.3834033  
-53.28413032  
106.2009115  
-255.0242828  
-27.35010384  
-61.04322298  
-192.3341871  
-38.84423302  
-4.646827601  
85.89164477  
-3.377015838  
0.474005149  
-72.84366828  
