-5.011202051  
6.148222079  
-3.067784035  
1.939102114  
-4.4322763  
-9.687015919  
-4.931662718  
3.380679368  
-2.495193887  
2.127587668  
-8.502499327  
-4.716743636  
6.434990121  
-0.06043033952  
0.1778130794  
8.21313345  
3.154161801  
2.087305565  
1.390182744  
-0.632745454  
2.536942075  
-0.6363339316  
7.748121564  
1.994485539  
-1.90540386  
2.693270492  
2.581424131  
3.845363501  
-12.10952879  
-0.1300254959  
-0.1089871584  
3.133829136  
-3.813757484  
7.497049953  
-2.695726997  
-2.117156334  
5.732125895  
0.3137211474  
2.748409968  
0.5328147179  
-4.459970212  
-0.4059118776  
0.3383441818  
2.14450158  
0.1501291802  
2.863053601  
0.1731196641  
-0.6988974263  
2.986719791  
1.565970905  
1.115751483  
0.4525622054  
-0.8899048923  
-0.4976521985  
-1.133174675  
-0.7346406162  
-0.06395166645  
-0.98490612  
1.680078138  
6.689738703  
-3.034688891  
-0.4548339971  
-0.08873301744  
2.81689822  
1.90010065  
1.940969649  
2.343253229  
2.139216249  
-0.6774868247  
0.71253759  
-2.361224034  
-0.9740280148  
1.649419871  
2.418034461  
0.6355477884  
-0.9712677823  
3.704940466  
1.680983596  
3.671475981  
0.03198062672  
0.7563487202  
-0.2085948087  
2.189297439  
0.5270516271  
2.110058073  
-2.804088788  
-0.3719771253  
3.775593077  
0.04720629244  
-2.363104932  
0.08936021598  
-4.243806296  
-1.109490889  
1.586419647  
-2.54548213  
4.977203216  
0.06289791827  
5.61437611  
1.53761226  
-0.813035212  
-3.871948887  
