26.85743733  
40.09706182  
133.9414753  
-142.3769623  
-82.35200225  
48.12539998  
12.75833418  
-37.69822154  
-0.1147546818  
47.52408263  
-48.55919674  
77.27986604  
95.89458153  
-85.31211171  
-151.3080273  
-182.4798812  
182.3982952  
336.3931107  
-91.65035743  
-128.6735917  
-75.59594545  
5.883331068  
39.5483376  
8.09906909  
-229.8506981  
-59.15675934  
44.86003206  
-4.292956104  
66.69431365  
97.89081607  
-141.6378312  
67.44138561  
61.63136099  
-10.70180306  
-13.51262996  
-222.9764383  
51.92838479  
-184.1957878  
57.06771286  
40.60526872  
5.525507545  
-122.9402999  
-10.61304375  
41.91663126  
55.36879247  
73.55523265  
176.4131627  
-112.0588317  
-37.97024628  
23.86298311  
275.7658958  
58.06383771  
95.69690802  
-157.6949019  
-64.05250884  
-49.61483455  
-28.95034701  
-10.20259755  
30.73872728  
-6.573598537  
61.07958569  
-28.58266424  
51.83440057  
-44.09935605  
45.56239429  
84.97750941  
-39.22072327  
-68.88201617  
179.5150098  
49.39632888  
-45.98189594  
5.88416214  
-12.92817718  
78.18873189  
-46.70607397  
-23.97362334  
-47.16932936  
69.22463578  
-18.61733079  
-117.4742504  
-36.88299929  
-20.36439669  
-94.09080969  
-16.36323919  
-35.4886959  
-9.801031306  
58.75860022  
-59.16923601  
-49.38928364  
-6.796775045  
86.81233008  
394.7108913  
83.48534205  
50.56873266  
26.2564829  
131.3923634  
86.42101917  
77.9326848  
22.81356629  
46.16100044  
32.30278708  
