-115.3685982  
77.64947105  
-71.69592267  
191.2935811  
-71.16107003  
-73.05707531  
-77.863841  
96.71937536  
215.9772273  
-339.4106101  
163.4251618  
74.57414766  
35.44395094  
117.1096186  
-152.0106241  
-29.93254485  
104.5385973  
59.64748617  
253.1281126  
251.131689  
121.8802103  
-76.89816316  
-2.842613386  
14.43077069  
199.6526076  
-32.5289952  
-180.916173  
-73.00860721  
-55.21121148  
-19.53779118  
216.4689254  
-43.01169064  
-10.57349676  
-256.0763198  
-29.35264343  
172.0753446  
72.65683052  
45.6110877  
5.228547725  
-5.92857904  
-12.28849826  
335.652829  
-57.83342026  
-121.1965159  
-1.060915667  
212.5217328  
38.87709601  
168.0417071  
7.10824488  
70.90108474  
167.5392142  
95.68883155  
200.102121  
29.68898218  
8.798881199  
127.7659267  
75.2809494  
116.2906711  
68.66432233  
-33.88334034  
32.45203847  
165.0873825  
33.09534453  
25.28904246  
272.8354571  
-145.1130877  
104.2622771  
47.51569295  
21.0641953  
-81.4842214  
6.642943986  
-18.17463218  
-302.3369452  
103.8779891  
-59.28174575  
66.71327691  
144.6438084  
43.11965916  
31.35604224  
236.5658645  
71.3644817  
-82.20149778  
96.5775342  
94.92018498  
287.1037612  
117.9283813  
-80.24417977  
-49.28949209  
129.0178519  
191.9765242  
-69.88311621  
49.4404606  
239.1459002  
271.2382141  
96.99142371  
1.790806128  
92.0881892  
157.6376876  
187.8464532  
163.945661  
125.0008349  
-50.44066505  
113.3421416  
87.09358204  
-60.64218467  
-107.4072972  
44.45492933  
35.10826484  
10.88485251  
-59.85629677  
239.2997734  
295.3337041  
182.8717455  
4.838828617  
-169.6310611  
-156.5375108  
43.86498653  
64.84686019  
133.7279165  
254.3546353  
92.42719825  
9.741263929  
-25.38640801  
