-96.08128506  
128.8244562  
76.59372096  
-53.16463433  
-132.1855482  
71.6340787  
104.2007849  
14.36217429  
-6.891084277  
201.4313135  
-2.73272396  
39.20893638  
100.9510119  
-42.28488523  
-122.500212  
-116.4126319  
60.813827  
156.1109361  
-88.93384845  
-51.99466279  
-58.5155222  
17.77453164  
64.93918056  
70.97726808  
-116.2483596  
5.305503086  
22.89017031  
29.16322064  
54.18781323  
-75.28038297  
-84.2223693  
89.26491655  
-15.92828143  
83.92953102  
-37.60430291  
-179.4892502  
59.64892807  
51.44966701  
23.93759072  
-86.65745039  
9.844133438  
-115.3301508  
48.35247636  
87.26348834  
55.14283578  
48.37855673  
83.34761432  
-89.11126024  
21.33441115  
1.115918707  
157.8888857  
17.11725497  
10.37844878  
-59.93316235  
-21.70174342  
-32.728745  
26.64426049  
59.4876441  
-47.50723388  
58.76564791  
14.52293069  
-18.25324659  
41.3862079  
95.18657173  
1.098597236  
69.08178572  
45.48001668  
-19.59278619  
7.445648473  
11.02975092  
-63.91517425  
34.03972263  
-4.055362937  
53.83041138  
1.074214636  
-17.10955002  
-48.89211731  
54.98105825  
17.26442577  
-85.07638738  
-16.0356962  
21.57336145  
-44.44982885  
-10.53731952  
0.293680746  
16.36984787  
30.48570181  
-36.07327796  
-9.076512969  
77.47784786  
29.8542945  
223.6336376  
143.1585976  
71.87179791  
49.85756258  
194.8699719  
85.69762361  
87.09052415  
160.6380962  
25.17235706  
46.81518617  
