-65.69729956  
-23.95717772  
-95.37953089  
-71.1978627  
-398.0110521  
-69.00415359  
83.39082319  
-58.21810272  
-161.7906988  
33.5000792  
-16.5617818  
65.90096255  
-280.6067751  
-186.842477  
-93.71739047  
-194.9814193  
147.5498695  
40.29508808  
12.77297637  
-251.755533  
74.36099844  
22.7272892  
114.3549422  
-9.563696613  
-49.0535801  
-247.2992028  
-177.5089229  
-27.70006186  
319.1133885  
-74.88121807  
-142.874952  
10.69782426  
-18.516949  
-6.137777198  
58.28394122  
-277.8819943  
-207.8827405  
53.07350427  
17.49554937  
-190.6519005  
33.23418478  
-121.8850013  
-105.819087  
-55.73462794  
-51.10672779  
-5.170361668  
-80.28192985  
8.380045915  
404.6751663  
-121.5324331  
-328.9642216  
-47.17619001  
-115.913001  
-231.9429741  
-85.80453942  
-363.4528375  
-74.20250719  
-101.5949878  
12.87456848  
24.0890346  
-80.97246973  
-101.0700908  
0.05448108444  
9.655311005  
-47.97155015  
-92.62483746  
2.425899113  
-175.6442931  
-1.16679351  
-123.4244468  
-251.3118284  
-57.13947334  
-133.6548579  
-89.19863759  
-122.622506  
-81.2374117  
94.68004552  
58.8180314  
-77.72148249  
2.520650263  
133.4146618  
-32.0027713  
-25.70115106  
106.1161805  
-165.848152  
-43.01585014  
69.65974804  
-155.8359661  
-87.86596871  
100.693917  
-31.59818389  
165.9845623  
-81.26490385  
-3.05103511  
64.75400827  
109.0139057  
49.54056383  
64.98751438  
-25.18092739  
-426.4905098  
-133.314833  
