-41.88830459  
66.75639855  
-92.62885562  
-14.28605803  
67.67870345  
-117.7768262  
62.34323885  
-27.50831975  
-21.83005774  
-61.84260493  
7.698620012  
30.18856126  
35.84121844  
31.92646697  
-44.56826808  
-172.2565026  
-73.23856208  
-21.02524032  
46.66170039  
33.71421155  
6.832927383  
22.88666352  
62.29512404  
59.64725957  
-23.21757989  
-109.3967539  
-28.8010091  
-80.90813378  
-2.043377183  
-12.08420854  
84.52057982  
57.10514728  
57.54243275  
4.083152193  
64.30566387  
-8.192764918  
96.29485697  
-70.95146401  
-6.26331263  
-154.9266231  
60.77609018  
58.83115391  
53.2378944  
2.920945873  
3.683039865  
38.007151  
53.12081484  
-88.90273572  
117.7758545  
-72.23497173  
-43.9459191  
34.4882063  
53.66290041  
42.37658693  
-9.704356776  
-136.8993167  
-33.7517875  
49.9831662  
67.53253769  
-3.17005607  
-12.33227753  
-21.58926625  
-32.48574514  
-14.90171268  
39.76271444  
6.84527455  
-18.99018475  
33.72999208  
74.21602532  
-28.51808604  
-8.734772162  
-53.27212045  
1.182126402  
10.53645073  
-22.68016443  
39.83463443  
85.24791176  
-38.32298448  
-36.91819665  
-73.79460506  
72.15074934  
-23.43221752  
25.07027562  
-31.96689183  
43.9990669  
-56.53248943  
-44.07524349  
