-3.262509122  
-3.913447407  
-1.489704518  
-9.451787477  
-2.46637893  
1.018077697  
-0.39844555  
1.043011229  
-3.488300438  
-11.87737912  
2.434267761  
-4.119219572  
1.189430291  
11.15072595  
6.263089542  
-11.01259078  
9.280235583  
13.29958739  
11.29825328  
4.215853901  
7.229522421  
-0.6298121866  
-7.323923047  
2.591259176  
0.293012619  
4.243259331  
1.240331136  
1.819022147  
-7.649270444  
-3.499422413  
6.737287988  
11.93468577  
7.55543868  
-2.639444908  
-1.904959161  
1.306769806  
-7.480164992  
-2.970532606  
4.768489335  
3.623768386  
4.774874055  
0.4651425521  
2.057088834  
-2.320622586  
4.820392082  
4.46193663  
-8.844336232  
0.4395514347  
3.362231122  
2.451450452  
-1.134402045  
5.396371821  
1.899348871  
1.994923519  
-2.109910492  
-3.860466122  
-2.09208738  
2.45344786  
-0.2119963264  
0.840350616  
4.197165541  
6.089085498  
-2.413400557  
7.862030837  
-2.394533585  
2.699180119  
-0.9662146189  
-0.4562392435  
-5.324763351  
-2.302512698  
-1.427895215  
1.694022445  
-1.383191612  
-0.5955116126  
-2.66582581  
-3.042350028  
5.40517222  
3.899027452  
-3.132121941  
4.769060662  
-6.730620755  
-0.7303249253  
-1.500711065  
-8.155460981  
0.9908823249  
1.38250183  
0.9913345108  
-3.85584242  
-2.135168486  
-7.925469439  
4.379598848  
0.2150188271  
-6.180169181  
4.099464993  
-1.85712069  
-0.7369562836  
-5.030988208  
6.220532238  
0.03086765923  
4.365293501  
0.5590016596  
