111.9608291  
21.96675132  
131.0357068  
114.752956  
27.82657084  
88.32817259  
99.17105147  
43.32851609  
139.2025693  
180.4833605  
-9.773414378  
-2.244238754  
181.356436  
112.9253293  
205.2376071  
207.4946855  
-77.81118587  
85.84212307  
67.31965774  
71.62239221  
43.05962661  
27.68737621  
-80.78004139  
69.22469172  
-0.03190730366  
203.4808069  
95.65221605  
124.5808092  
48.30062883  
46.70664778  
159.2318832  
210.2783232  
-43.64960368  
125.487479  
19.30748099  
194.1205515  
54.60137109  
-18.29593626  
-10.28685789  
77.45022077  
44.8525826  
110.3713615  
130.0795598  
86.51380085  
51.79999  
210.4659462  
90.96786982  
79.79497134  
3.310494897  
37.17319202  
149.8343636  
306.5890218  
301.8867043  
42.16190912  
165.0315061  
347.3143949  
92.34894893  
247.4976489  
102.0080405  
121.6517422  
139.8427293  
111.7047661  
13.32379089  
172.444927  
57.82251848  
21.14967149  
166.4064209  
151.7796978  
-57.89487245  
140.0898265  
116.4063103  
21.10814979  
81.00910645  
53.02196606  
52.72316195  
110.686198  
-3.450462435  
67.03458093  
57.48534038  
53.99728592  
-57.26368601  
29.17962529  
180.4132336  
-26.87259687  
90.29299906  
242.9590018  
92.86981683  
117.4931137  
36.87377866  
-39.86188008  
97.45068268  
-204.8157368  
259.7104244  
209.0009634  
-21.59262497  
199.4898778  
79.83567148  
42.51111974  
100.2662156  
218.3337677  
105.7018961  
