132.7148346  
12.3792825  
98.85793037  
223.0334827  
-55.62742111  
-99.22441931  
389.5675099  
93.85156684  
158.3065516  
-104.219677  
14.44602402  
215.082642  
135.2259988  
26.37343156  
21.96129386  
-42.46370138  
9.329678971  
108.3605781  
-60.1362182  
-118.2492481  
30.7150761  
130.8019501  
46.30294606  
-83.7604045  
124.1960733  
19.93368189  
-68.5254508  
-11.3084198  
-0.06516304223  
-122.4605313  
120.628094  
-196.0456119  
50.45738521  
-75.42918288  
-23.42528881  
-93.95089158  
126.8750365  
174.6423198  
64.39111087  
55.44205854  
-180.9156175  
262.1954751  
-9.372824132  
40.59101822  
0.2774781714  
243.6782509  
-101.9755462  
-23.04277956  
40.90015164  
46.12093929  
10.02002469  
-74.7518391  
96.78453471  
-32.49681222  
20.6337925  
127.6237359  
49.20466414  
197.1906631  
22.21138343  
119.069323  
96.96733554  
-15.15928548  
82.97958092  
-50.98053007  
239.276801  
-52.17292447  
142.6615282  
72.4089953  
-371.5381312  
68.93164625  
20.45024461  
-118.0474706  
138.1763001  
34.57958245  
125.325311  
76.00415169  
-74.86322826  
35.95635063  
8.412036792  
144.8101307  
336.7168891  
7.498665882  
-5.84309706  
236.8567619  
113.9138889  
100.914486  
14.32842298  
133.6452226  
116.663071  
282.5693756  
28.34350931  
-51.44945436  
296.3739928  
127.5325007  
-6.200155279  
98.77897039  
223.1499552  
117.8395315  
22.62974022  
-92.3450641  
-26.31100364  
126.2890192  
89.05880916  
109.2843831  
163.4590954  
-13.59984292  
-23.29735673  
113.0514738  
163.0587243  
-8.058865433  
196.9391655  
27.65839223  
88.07670085  
104.9985054  
188.4035449  
249.210329  
-48.09089565  
-104.3479751  
61.32684061  
-70.03152383  
-9.564623345  
68.72994702  
5.63136901  
