106.8328682  
218.9030127  
119.9226855  
-32.70643621  
96.78774496  
-85.26184803  
18.66213573  
74.15748276  
69.934397  
-6.327597277  
14.76001616  
-26.7197662  
106.3143203  
117.6872464  
102.3708266  
-85.01702157  
131.647475  
85.67318912  
130.617255  
-137.4645653  
107.2768214  
166.8230565  
-1.953225001  
55.13865185  
42.35038819  
-77.73565404  
124.8577436  
16.54021153  
-103.256227  
195.1223317  
-170.5907425  
52.51010748  
54.4800058  
-59.11195974  
148.9115056  
132.6179808  
133.046681  
226.5801193  
-54.07710024  
13.12668578  
13.93639731  
168.8195491  
-47.52258925  
160.3258233  
169.8250836  
38.6469047  
12.69050592  
105.6804303  
176.0257841  
136.0724062  
-23.44556769  
82.87264042  
-121.8801585  
78.07566875  
11.60200856  
171.731085  
-60.64560254  
-6.795284521  
-5.612974925  
-68.32343852  
51.00192345  
-59.55964366  
53.34814886  
-41.50539668  
132.8112951  
137.1482318  
49.99480807  
-98.50393956  
60.8730237  
-8.556150413  
48.77314247  
244.201638  
10.77270614  
31.28368901  
65.14225235  
-95.26915118  
124.1152902  
110.0691719  
73.27025411  
156.080016  
-61.04226638  
50.24191433  
-58.39480293  
-130.2442622  
51.71934387  
-51.18291061  
90.7911986  
