-18.98048475  
-49.17134009  
-134.7672409  
68.19801961  
36.51639681  
-117.3243114  
-29.33415227  
64.48507641  
142.4226012  
-120.7011659  
-7.59404025  
150.2278181  
41.74733239  
-13.21661525  
138.8514243  
-36.32040194  
-107.224902  
-40.32818921  
47.88803007  
39.24949837  
-36.08409859  
-36.52625974  
-47.72811446  
38.32636162  
85.58339126  
8.152728275  
-133.6780755  
-39.19019016  
48.02713839  
49.24906396  
123.4588454  
0.9146312239  
-162.1870509  
188.8029817  
24.73980166  
104.8910266  
-19.22661875  
-90.54575286  
10.50812902  
57.88772463  
14.96532558  
-30.34231148  
13.09286927  
-220.7816915  
14.8201527  
98.53767937  
56.83658281  
-3.553121712  
-89.81245033  
24.52701276  
-51.63271638  
136.7910451  
8.486038787  
-39.91259017  
-65.88875624  
-66.36041892  
44.0797909  
1.289274901  
41.05393882  
86.56637705  
-49.88045466  
93.79752595  
-13.56763704  
128.0960264  
90.90394889  
-12.65761096  
90.41541748  
28.89962311  
181.4321019  
-20.01952423  
32.55207095  
76.3980961  
24.78942758  
50.80941906  
-25.1223196  
10.15410795  
69.20548109  
11.07359111  
-3.335072432  
-54.47821975  
-108.3154171  
3.514336536  
-8.876910127  
26.73469003  
26.44756426  
17.01756076  
3.37137807  
-76.58685061  
62.38387291  
187.9750116  
-63.11795286  
97.21491222  
82.49070283  
1.048949174  
106.2650734  
77.60625452  
56.17422009  
134.7002917  
62.49730645  
87.93317123  
212.2126944  
-10.86101613  
46.5862106  
18.51646924  
-44.44897319  
-163.6156982  
-45.02412205  
39.02546208  
40.97577914  
58.73816179  
61.78619312  
29.68372938  
90.8717835  
35.41384576  
-41.35858744  
47.40870497  
-5.996818741  
139.206047  
-2.357899045  
-21.45296423  
182.2478666  
72.87404964  
18.95400787  
