-532.7561294  
-112.4534596  
-108.9978385  
-129.7820633  
-665.8188425  
56.50177098  
-143.2397783  
-486.9755921  
-84.03477294  
186.8902898  
-222.4937236  
-171.1077848  
-451.754808  
-121.172467  
-354.2829357  
10.55831131  
65.96420432  
-22.52310934  
-60.28378359  
25.86023703  
-54.70817709  
179.646118  
43.74504528  
-89.13845697  
24.68891729  
-225.6030596  
-286.8379387  
72.45211168  
48.67775524  
282.3381633  
-3.028743549  
-188.7724858  
-126.4659057  
-73.15046365  
-143.8982597  
124.8668767  
-90.75936389  
-196.5944085  
52.30569538  
130.1932044  
125.9663812  
-95.18202038  
52.28868248  
-40.87388258  
243.8458754  
-179.8185157  
-224.0796739  
28.15442958  
-208.2954484  
22.81048316  
-37.39101224  
-178.3575031  
-22.82069635  
-316.2571163  
40.36727105  
6.293033676  
-178.6434543  
-350.1114955  
-88.47765532  
-40.72921234  
-65.11285677  
-181.2893639  
107.9478071  
-131.347629  
-80.3400792  
42.04291508  
-26.1031255  
-152.383043  
-244.4643039  
-5.834085795  
-125.1975317  
-3.418609993  
251.1492522  
5.729016479  
74.69063271  
-209.637209  
-16.99694975  
169.9364489  
-45.26148621  
196.1772223  
-132.126463  
-23.43365044  
159.270642  
48.9872174  
5.145191149  
-227.1620275  
-185.3243985  
-62.32654699  
-577.456532  
-181.2061877  
52.9058889  
44.08637578  
-103.5822327  
-222.6541557  
-11.10661017  
-216.0057609  
-93.70619767  
209.1219761  
-173.7220793  
135.9762724  
-153.464353  
