0.4381051412  
5.355238965  
7.619906873  
-7.523647497  
-20.35864928  
-3.233198025  
-8.236388081  
12.16453854  
-1.115314986  
5.845695544  
4.578968395  
-11.26808849  
11.11020417  
-7.878742677  
0.5605739721  
-1.385889362  
1.110547111  
13.28639554  
5.416690541  
-3.369716418  
6.124337132  
-0.6446762937  
-1.15596135  
-1.82142309  
-7.368897246  
3.077175777  
11.58031957  
3.308337019  
9.173357807  
0.3957135822  
-5.855872208  
2.05862572  
-4.409571296  
-2.272829895  
-1.613183007  
3.811192855  
0.1078200983  
-5.127907667  
14.7703073  
6.896793321  
4.549735249  
2.084381997  
-3.44387493  
1.608483585  
4.189684962  
0.08489061113  
-6.395954937  
-0.8450435168  
-1.949063678  
0.5194290751  
0.4613375975  
-3.771804503  
-3.934319076  
2.973270596  
-3.366294884  
4.892516344  
3.667518165  
-3.41372523  
-0.8789940752  
4.704522777  
0.9704652632  
-0.01499121619  
0.7353625907  
-6.420443553  
-2.720672564  
-4.543031846  
-1.506611635  
3.250979157  
-1.601937832  
0.2175298473  
-3.819478908  
-0.8684563732  
0.009121204599  
2.50072571  
1.378061937  
-3.899225589  
-1.646280937  
1.086201148  
-1.428807131  
-1.327262759  
4.892414498  
3.972763602  
-0.7677800161  
2.067227357  
-2.790306979  
-3.944275439  
0.5716245457  
3.702337176  
0.5077095983  
1.836229752  
-2.545969324  
-2.825228006  
0.8393158936  
5.22554566  
-3.333763911  
-11.11432468  
-4.596737572  
0.6744126579  
-4.484033629  
-1.356383871  
-3.63307872  
