31.01371966  
-57.71519605  
-110.0218252  
31.61343415  
-7.409390121  
53.14301184  
-82.44305433  
42.95276186  
40.47395678  
19.45550051  
21.77400143  
165.7539856  
12.19278103  
1.127858992  
1.702068553  
38.95687227  
51.03658913  
2.221287615  
-89.77493411  
29.24654125  
-1.364284615  
75.82742123  
-11.60575506  
9.998260488  
-47.88806251  
49.97999811  
78.66531976  
69.7596354  
10.96982632  
42.79849613  
-62.63203871  
-140.1702873  
-10.79764094  
9.777386725  
-64.49015039  
64.83396417  
41.07485102  
23.45347482  
28.06822107  
149.6300267  
-96.32618492  
-115.7373336  
68.83829791  
18.98786915  
55.58850536  
18.21230999  
-21.52776457  
42.8433044  
-46.07699593  
1.261374026  
40.35424564  
2.420658846  
-75.41768315  
-11.91695346  
-63.29875762  
53.31902109  
20.36238221  
13.6317044  
29.542779  
36.1308998  
57.58313233  
-35.67059713  
58.98681203  
19.94842914  
17.6685972  
-24.46714675  
145.9785866  
22.22911264  
-37.18388497  
62.96403294  
38.26160678  
-124.6590796  
-10.08760269  
0.4646142252  
35.62567798  
31.85847793  
-61.96653204  
-0.02075627472  
15.9084864  
8.448841988  
-8.045139294  
48.1461452  
-14.77845903  
6.884802127  
50.13376544  
40.00507769  
136.7234943  
