-4.005465017  
4.88570132  
2.163588865  
-2.509403276  
-16.02053006  
-3.412845283  
-6.35300054  
3.311901577  
-4.081401736  
1.570093007  
-5.346478706  
-3.467821013  
8.134120966  
5.191029175  
-2.48470361  
1.272087676  
1.033920157  
-10.74102442  
3.742018093  
-0.8375484821  
-4.029559783  
1.578251579  
2.399571907  
3.18193654  
-0.2904830438  
0.7751466139  
3.263417328  
0.9417911328  
-8.01435698  
-2.341975755  
-1.155722355  
4.588166025  
-2.130844233  
2.206241071  
-2.606777873  
0.6855946966  
2.404945404  
3.437111834  
7.560491237  
-4.064128151  
5.793743574  
2.30138727  
0.2224660846  
2.893595664  
-0.354493595  
0.7499183002  
3.069232344  
2.499656495  
-1.699987675  
0.8171525713  
-0.1786018218  
1.280286582  
-0.1366182449  
0.6873747771  
-3.245452045  
2.757561546  
-1.728999063  
1.518858027  
1.138849647  
1.858950244  
-2.593315305  
-2.554524324  
-4.636148806  
-1.494689364  
-0.9763857975  
-3.298865132  
-1.509220162  
-0.4573954778  
1.563880169  
0.1447097168  
-4.604880437  
-1.962746987  
1.64155669  
-0.3182437586  
-5.46985135  
-0.8091405874  
0.03245517506  
4.347986423  
-0.7020055847  
-0.3456843206  
-0.7851130869  
1.993774629  
-0.7686099673  
0.5909381827  
-1.096427372  
-1.989748012  
-1.8439527  
-2.415192769  
2.152624354  
-6.970490869  
-3.224749244  
0.4803203134  
2.505930233  
-0.6044099046  
3.058164164  
-4.821034299  
-3.424406978  
-0.3192638885  
-0.535324592  
-1.116427333  
-6.12724958  
