-0.5813234156  
-5.162701318  
-4.294111678  
1.447751366  
-2.483287716  
3.650214703  
4.597674946  
-2.297468434  
0.5402465268  
-1.181997083  
8.98176118  
-1.494452566  
1.169386734  
1.751355362  
-2.664048722  
8.111363392  
0.4115322394  
0.3523066792  
-0.325452804  
4.41106932  
-0.1983917581  
2.646678871  
1.404967107  
0.1252120875  
-1.059206293  
-2.587910911  
0.9887584728  
2.425554327  
-8.404798261  
-0.4560508331  
5.284536162  
-3.00112075  
-0.1972054299  
-2.165439094  
2.551733269  
4.043792511  
-2.129259458  
-1.113592225  
1.454804463  
-4.714237846  
-1.619112413  
-0.5784376802  
0.3613708983  
1.811165333  
-2.701645338  
1.911158464  
3.73194488  
-0.6146424877  
2.486310269  
-1.839676262  
-1.804516142  
3.47127359  
1.455374894  
0.8138362023  
-1.534159313  
-0.8403748708  
-0.01495282392  
3.213956174  
-1.075667639  
-2.387302766  
0.8602570646  
1.421424293  
-2.22561685  
0.09448385125  
-1.372169782  
-1.561189227  
-2.227406529  
-1.525268764  
0.912114659  
1.799751632  
-0.994666987  
1.089449226  
-0.4476130524  
-0.8742965655  
-0.6193181319  
2.396222747  
0.6696713201  
-0.9614599113  
-0.9818013302  
-0.009485784516  
-2.276354583  
-0.7914487023  
-1.384947106  
-1.280300567  
0.9798459206  
-1.41546927  
-3.503038651  
-0.7177082263  
-1.050716379  
2.595598663  
0.2423890362  
2.622209925  
0.5613099523  
-1.017247644  
-1.658611472  
-1.472909993  
-0.2728689605  
-0.2996124871  
1.215794136  
-3.971933575  
0.2970061322  
