-4.809159219  
-6.714574383  
3.898058364  
-3.237293169  
-10.73165628  
-1.674131319  
-3.19927935  
6.615766265  
1.806533057  
5.154952281  
4.922270003  
-8.063384473  
4.153223707  
-7.707030161  
-9.626396545  
-1.88710316  
0.5054258146  
-0.7490823066  
4.565129727  
-0.3598641256  
1.151739909  
2.052385084  
1.624441524  
-1.595559756  
-4.128695483  
2.751500634  
6.708111778  
5.511056074  
7.654178917  
-0.387412031  
-1.166290543  
-4.805186348  
-1.158044242  
2.81027396  
-2.029413655  
6.18360705  
2.927315845  
-2.135204887  
7.131501605  
-3.02154749  
0.1873540172  
1.474477384  
0.1109194331  
1.815606373  
-0.4848029829  
5.285086353  
-0.2491510892  
1.162671239  
1.734665306  
1.586977708  
3.454356684  
-0.9530395457  
-1.02227087  
1.16674766  
-3.369264099  
2.073897228  
1.918079409  
-1.516536863  
-0.3369784582  
0.2884376759  
1.448314268  
1.564967442  
0.7102232184  
-2.330098809  
-2.616106968  
6.537230716  
-0.6506022957  
1.199443903  
-1.814100742  
2.089507863  
-2.13802096  
1.224879414  
0.5032920864  
1.105496985  
-1.817645178  
-1.124806563  
-1.479944293  
-1.876645492  
0.5466825812  
-0.5501917966  
1.744996171  
5.214175058  
-0.3576001843  
1.689236947  
-1.66711891  
-3.919427268  
-2.05132767  
0.7650730087  
0.4360858701  
2.414058146  
-1.85711818  
-1.447180763  
-2.186118309  
3.916875227  
-1.36402661  
-6.581192215  
-5.214902772  
0.3322230295  
-3.277408995  
-1.22449514  
-0.6239096289  
