134.9298411  
-73.57221641  
40.88409324  
-20.00473583  
-338.7039509  
-178.436101  
158.0111742  
70.15379132  
-463.6264003  
-67.6922251  
70.76814035  
6.804095527  
302.0933536  
155.0512688  
-132.685412  
25.91789756  
102.6658212  
416.5742508  
138.9490131  
-87.66721071  
231.5961858  
319.2672467  
-92.6362899  
64.77884983  
79.12103914  
-75.80208861  
242.9224608  
-77.00139149  
-163.5242906  
207.9628693  
-98.01406164  
-51.69883545  
-140.3439079  
207.9106288  
122.3877242  
-119.2713875  
222.515036  
31.13111145  
20.26324764  
41.92418397  
43.71231046  
32.55285249  
-109.6711775  
6.452488339  
214.437174  
316.5071377  
220.6853358  
27.72978729  
128.9279216  
102.7668305  
78.53531139  
261.374627  
85.59850585  
33.93922397  
281.846835  
73.9219346  
131.5184932  
-273.9531242  
0.4371138448  
152.551978  
-7.029604352  
106.229756  
256.4479869  
55.92222156  
-120.1536623  
31.74910053  
64.57765037  
-106.4849408  
-582.6193765  
-45.30827157  
75.23063029  
279.8562225  
-62.06238807  
26.71483634  
2.275095401  
116.8079066  
-88.48641021  
-236.3493555  
-152.022819  
432.4469787  
105.5625493  
-227.656451  
-18.48097273  
-10.47767776  
454.7224217  
266.8574252  
76.74769496  
207.8004054  
66.5231291  
-127.2445838  
302.5360957  
-101.2017567  
33.94611788  
547.7375095  
-308.1529391  
-51.51675943  
-125.6436367  
203.4432081  
-75.70010959  
36.61351488  
0.02745824275  
123.4303825  
22.27354717  
248.9733636  
94.14259942  
252.3659358  
341.0172466  
-32.16350371  
19.78715682  
43.22447189  
136.4733457  
457.0435508  
336.6889719  
83.81079566  
286.083657  
-155.9856255  
78.17220841  
317.8502627  
252.8340038  
-310.7534408  
-62.32925774  
-350.6134855  
9.568850414  
