-125.6311851  
-26.07521057  
-60.12122921  
-13.98163185  
203.1568023  
-107.2292727  
-185.5287248  
-9.010205383  
32.38722553  
-116.7898726  
-36.84837055  
2.244039214  
19.44822086  
26.67763202  
169.2475263  
-94.78532806  
-166.8927049  
-24.20450558  
113.4703114  
44.35171205  
-125.0083025  
-167.6490599  
-70.25813008  
116.8653503  
119.9138529  
13.51940657  
-71.52206942  
-103.9664655  
40.82690116  
80.22583965  
85.04213056  
95.14379908  
-266.8038585  
26.60770421  
17.48213598  
-35.27871438  
-62.01864299  
-51.19153728  
-42.04407411  
-67.57689006  
87.30750856  
169.1356851  
33.67307443  
-335.0860915  
-64.07017367  
-36.51072611  
37.6197173  
6.500799214  
-90.10319917  
21.47211359  
-39.67143242  
195.0085401  
32.90533347  
-20.27179032  
-190.113951  
-90.17749816  
-19.97895935  
-33.83106548  
-48.67012108  
-35.54713748  
61.69022057  
10.88349878  
-57.67763988  
231.8393012  
21.97451524  
-110.0233631  
129.6441315  
78.91049519  
319.1403615  
-16.86887266  
56.127202  
119.6168817  
-102.6986279  
6.820557672  
-52.42092843  
-25.22338616  
43.65107371  
-51.2234918  
-104.7804128  
-25.85344594  
-128.5667617  
-4.539928306  
-14.56028329  
0.8213055812  
-84.00555889  
126.6830468  
-30.47256063  
-210.727716  
38.31796014  
-40.63060181  
-132.7396504  
111.8102718  
-46.2094211  
24.05230637  
181.7420596  
-65.57487901  
13.27560394  
129.7737827  
92.53316966  
98.33713684  
241.0738696  
31.06973646  
-62.65282417  
2.679302036  
-63.58837049  
-178.3896247  
-27.16090467  
93.91961699  
45.70789539  
29.147833  
13.15398535  
229.6240801  
121.5345748  
-8.501748696  
-51.50829462  
15.91810354  
-10.21885023  
386.0574804  
-31.48429087  
-137.1613521  
177.6932308  
-70.36275646  
50.50958318  
