-1.298055827  
-0.7181492668  
0.5938164657  
-0.2607781109  
-2.705503221  
-0.456642856  
-1.206269768  
-0.9690915195  
-0.9477316068  
-2.232389324  
-0.464623439  
-0.4841515087  
1.524341696  
-0.1025617589  
-0.2700152097  
-1.680812695  
0.7090475206  
2.84272173  
-0.1513791654  
0.7394595931  
-1.667414793  
-0.6402463503  
0.7626069953  
0.4630592115  
-0.4836025835  
-0.2606879124  
2.056478165  
-0.1295787437  
0.8745969969  
0.8579539062  
-0.004165467224  
-0.0699227033  
1.438739779  
-2.114543229  
0.7807761533  
0.1775547252  
-0.2697071018  
-0.9030457254  
0.890144801  
0.6352775125  
0.6801710529  
0.3400874765  
1.377396563  
0.008920415189  
0.153426546  
0.03918652444  
-0.3934884922  
-1.415472749  
-0.276993684  
-0.2836420327  
0.2459855747  
-0.2106624221  
-0.5813089138  
-0.6507020789  
-1.007562942  
-0.06891571375  
-0.3525818912  
-0.05416243935  
0.3191765819  
0.2534611835  
0.292631202  
0.1203133046  
0.3160183536  
0.2431572638  
-0.1384217117  
-0.2813052166  
-0.2822203136  
0.443445434  
0.0754999735  
-0.08700450005  
-0.1636961966  
0.8844901597  
-0.3678842232  
0.26309391  
-0.4700620237  
-0.2155979268  
1.275419386  
-0.6414240895  
0.02870348812  
0.01465270347  
-0.7446743154  
0.4943198888  
0.3502734626  
0.2582412094  
-0.6309409794  
1.188560781  
0.4430476079  
0.8530495987  
-0.2662892314  
0.03854200635  
0.4075902749  
-0.512812723  
-0.05460085703  
-0.04076694984  
-0.1583458723  
0.2896119125  
1.323543001  
-0.1046614554  
-0.6641728395  
-0.5139364683  
0.04178092768  
0.2576728699  
-0.5528046788  
0.8368429729  
-0.2769933836  
-0.4338967007  
-0.442712218  
0.5841879137  
0.09836930548  
-0.4756828307  
-0.029641225  
-0.0119718802  
-0.03020075243  
0.4080978061  
0.2295088629  
0.1725907805  
0.2214341771  
0.7036559646  
-0.4203007024  
-0.09458509265  
0.06805536509  
-0.6009413983  
-0.7182288343  
