280.7378775  
283.5512178  
196.8930808  
129.9083334  
76.17709189  
52.76383372  
458.5966146  
28.78495169  
52.97173442  
-191.9130208  
240.753551  
-21.4044537  
221.1471761  
89.33448351  
83.42965576  
-23.42499338  
113.6159337  
433.8323863  
93.92776998  
-222.1634967  
231.1141882  
482.3945726  
-114.0854263  
43.44662178  
-28.73021567  
-240.7138767  
77.23463655  
175.8272283  
-25.92829953  
275.5970731  
-219.0977376  
89.78940362  
194.7855244  
-263.481342  
91.08661206  
124.8315816  
165.3724094  
335.6926482  
92.19870772  
-24.67318559  
-19.88468159  
67.21459739  
126.606327  
200.2084526  
306.095415  
238.4043103  
93.46578274  
147.4263346  
62.79902859  
93.1222472  
176.2006415  
84.41950499  
13.91465926  
132.6996631  
133.4507209  
79.62859546  
102.698826  
-28.70722687  
-5.252900422  
220.942467  
14.06871007  
14.58215605  
222.4054025  
39.89290927  
3.958407965  
-54.40267395  
-4.732132068  
271.4101796  
399.89547  
-57.17642122  
156.3565729  
114.8355259  
64.52004309  
102.3168592  
213.8386087  
355.6789789  
-33.65728741  
198.3741871  
43.25902102  
106.678025  
236.6709972  
-218.2858649  
32.62143649  
70.51536849  
398.2644835  
108.5758954  
29.09599323  
317.8369104  
145.6994946  
-171.131176  
-45.18732812  
63.7570481  
310.80801  
243.9694256  
-315.8678994  
-78.83936915  
167.8765925  
423.1966837  
-7.175146935  
-87.23036884  
-105.4472641  
67.59191691  
-11.90473747  
138.2665577  
77.40018353  
182.219586  
214.1299277  
278.2071553  
-91.44259291  
117.7752944  
273.8936  
20.76800313  
49.59399573  
195.6394145  
162.4921782  
-228.391162  
47.61039594  
504.9638251  
305.6653881  
247.3071591  
-80.14944569  
167.4039904  
199.3710431  
