50.64340539  
-7.205709539  
35.65617608  
60.18534964  
-370.1844827  
20.25671872  
186.6105148  
5.09308182  
-21.87922714  
201.1902304  
-40.71016073  
64.22906298  
-100.7639561  
-82.69646364  
99.37659158  
8.302878366  
63.47425664  
126.1372092  
80.09263504  
-156.7961366  
120.2792767  
48.06780575  
33.57490224  
52.78505542  
-54.72288004  
-77.05473036  
-86.36394036  
78.88975151  
352.3385852  
-28.17456977  
13.45114712  
230.6875142  
-62.16655224  
117.4950623  
75.85433393  
-87.51726677  
-168.904153  
34.77756672  
-8.920616038  
-117.5181692  
82.46995161  
-12.40353878  
20.96159096  
33.38405003  
-2.158720367  
203.6094391  
-23.50619865  
80.27121236  
410.0509504  
-84.74487692  
-179.1298597  
288.2254477  
185.2796521  
-193.3329851  
80.33240017  
-15.54378375  
17.91327544  
145.9026611  
109.1580372  
135.0607028  
46.87521225  
16.2073323  
20.1724558  
182.5108715  
7.256680308  
-117.2285382  
165.7268612  
-25.74129958  
-81.98274314  
19.38008855  
-148.8546582  
-41.15791803  
-63.88308796  
-37.58754612  
-69.52486748  
33.37863774  
92.29395211  
126.8744655  
-26.37437541  
58.7795318  
80.45793082  
20.69161435  
145.2757529  
88.2156969  
-77.14150138  
202.1172549  
165.038151  
-37.59633293  
-46.93913065  
60.83203692  
64.4295722  
-46.31037539  
163.0175015  
219.7909626  
43.96772025  
308.503781  
129.3762362  
118.9359016  
78.24585027  
-216.2799811  
-24.26226176  
