-167.6395731  
-51.9083017  
-153.5259098  
-112.4583405  
-43.19499473  
61.37388503  
-432.1499929  
100.5596756  
-127.8420514  
-345.6897773  
-88.26067117  
-41.09243914  
-258.9191008  
88.56202799  
-268.4146214  
-96.17652007  
229.2416227  
43.57208077  
57.93402843  
72.30545618  
96.99438477  
70.72800396  
56.71316001  
60.03638107  
251.6906491  
-234.6503116  
-290.869131  
-225.4241158  
-167.2545313  
185.5256907  
147.7925076  
184.2461245  
91.17531082  
-368.0004828  
16.70269144  
133.3090952  
-12.54339787  
-5.771143519  
-99.79393524  
-49.23915459  
-174.6538806  
-233.4557586  
-113.7184949  
-168.0178335  
19.44633764  
196.0637302  
-95.65908788  
76.75103967  
-167.6814936  
-138.0249485  
196.7207861  
226.2288809  
21.31857029  
-21.34127343  
-189.4513922  
-136.945526  
32.40738982  
-9.963492644  
28.7209011  
-147.2933883  
-199.8004112  
-63.6422698  
14.16334658  
85.7414993  
151.6048053  
-33.49998279  
71.8043294  
-1.937576615  
-644.68739  
-66.58439324  
-18.75339409  
48.45387034  
-130.5560388  
-112.5003417  
-187.1949646  
-97.76554276  
246.0659063  
-40.96527806  
-21.80119045  
-43.23259979  
-134.5343635  
83.47419113  
111.0038176  
-195.7575544  
-5.507284807  
4.946392298  
-29.01279013  
-31.47624997  
67.66397657  
-207.0866593  
48.93158609  
18.99106727  
-35.78939682  
-116.9312332  
-173.968159  
-64.781262  
-70.19976844  
-51.38144529  
55.73900165  
237.6714494  
114.0484183  
-29.2209371  
31.47750571  
-91.30837197  
-215.6763889  
-210.5319497  
40.36005516  
123.7678154  
-96.21252608  
141.4750606  
-217.3416398  
66.14579007  
100.7923408  
-135.6319902  
2.662896053  
-356.308765  
-33.19178289  
178.3439557  
-73.18933354  
170.4462284  
58.03728491  
-46.93736952  
60.14803213  
