-130.7286924  
-34.8439835  
188.1668339  
-234.6879391  
98.41339409  
-71.2263955  
10.42292981  
99.88540036  
34.77419581  
60.02442587  
-17.47972425  
63.49539121  
-68.74427755  
-185.3113671  
-80.42247749  
-60.23330873  
147.195641  
88.50467588  
-14.1422218  
-2.474209095  
3.378683211  
104.1868415  
11.92091345  
-164.1662907  
-57.10030307  
-90.72999287  
-41.6939793  
51.78624015  
53.65395633  
61.69942494  
26.61433343  
12.49346483  
28.01144572  
-16.32369319  
167.0822405  
-118.5957844  
-29.11037544  
-258.617607  
-56.48191701  
-11.33581646  
110.8616518  
44.03065969  
-28.96756856  
40.8560458  
74.97757617  
-17.15714995  
125.1442472  
-69.04072742  
-45.03115867  
-6.115705059  
91.84808014  
100.4583282  
-16.21239302  
-170.501454  
-93.29104988  
48.37609881  
28.57206576  
8.861884606  
-16.39273953  
-75.17654886  
37.84145143  
73.97553307  
16.18699502  
-28.3391267  
47.63193272  
96.87211953  
2.738009289  
16.54342277  
-69.4724771  
13.03876416  
-23.95909291  
2.452628767  
42.13106629  
63.44150179  
-54.71415011  
-45.40030285  
-102.9905745  
93.75084348  
-26.66089292  
-95.41971619  
43.701282  
2.147230107  
-0.3294172421  
14.22248842  
37.50801296  
-97.18488144  
2.748088876  
-59.31167743  
-80.96513458  
132.4710005  
86.90947419  
189.8894179  
165.4178687  
38.70012147  
19.11239323  
154.2796734  
-0.9308947405  
147.8835193  
-14.12211216  
-153.858965  
-15.44653856  
