-0.07322285937  
0.6780830959  
0.162494489  
1.525249814  
1.044810133  
1.711138088  
1.685798627  
0.8698084135  
0.7486962954  
0.382106088  
0.775543498  
0.2901297524  
-1.260628206  
0.2243530245  
-0.3860968313  
-0.432696495  
-0.8970316198  
-1.36196398  
0.04519032691  
0.719937279  
0.08748281242  
0.621382916  
-0.06906296155  
-0.1476092626  
0.08337061499  
0.04031202288  
-1.594470141  
0.3544736818  
-0.03170072255  
-0.3919532712  
-0.5492570369  
-0.04450206486  
-0.3589169499  
1.526458593  
-0.8452332148  
0.08417161079  
0.03970694687  
0.857045092  
-0.05987169198  
-0.341213992  
-0.2545060018  
-0.7831259356  
-0.6339278966  
0.0979409494  
-0.0398974546  
0.07508593547  
0.1451474255  
0.8666917609  
0.3470342356  
0.1842038479  
-0.002715609779  
-0.0594152232  
0.4866180443  
0.1903742136  
0.214683374  
0.08937591134  
0.1061497215  
0.05014831489  
-0.5622871752  
0.02878177565  
-0.1266996361  
0.08185262551  
-0.7487590534  
0.08861874644  
-0.1879600393  
0.2320832693  
0.3280163922  
-0.3818316149  
0.0794667275  
0.04441323522  
-0.0355067379  
-0.6363833492  
-0.06909996095  
-0.04679298934  
0.4674647734  
0.1951130415  
-0.7684088208  
0.446860816  
-0.01276877656  
0.1620805993  
0.6607488983  
-0.1641487617  
-0.6911242116  
-0.07946443644  
-0.06209499369  
-0.08779691048  
-0.2622727929  
-0.4132462288  
0.0687657782  
0.01572193108  
-0.2136610716  
0.3939207035  
-0.1263563797  
0.517664807  
-0.02198521558  
0.1302578184  
-0.7855724687  
0.1009534821  
0.2436660589  
-0.1602584896  
-0.21349475  
-0.4322986369  
-0.04758568941  
-0.4115555602  
-0.04477460815  
0.2293153332  
0.2269594751  
-0.541050866  
-0.1581788879  
0.5042667443  
-0.02810128492  
-0.1353866637  
-0.420532668  
-0.4065158806  
-0.1553446126  
-0.1149638178  
-0.1174124369  
-0.01947390669  
0.2015297804  
0.07022965104  
-0.1177740429  
0.06346413806  
-0.1809704494  
