293.7138238  
199.8316917  
171.1335464  
316.2080882  
251.9059688  
179.4131417  
186.8920384  
359.4743852  
-6.536941832  
249.5102638  
72.91308691  
290.9924523  
185.7693245  
171.1646241  
390.5254874  
86.69785289  
-226.999564  
284.3094201  
143.2862786  
316.2535984  
55.96153338  
-80.05406752  
140.7347898  
74.59677398  
6.507388576  
88.41528972  
84.42716021  
6.3256574  
106.6744275  
-23.8851038  
11.18479329  
410.5989989  
27.94912813  
121.1274113  
150.1845723  
251.6334999  
30.20130198  
239.0534319  
-88.2246816  
176.9955159  
69.07489339  
266.7793787  
62.38796806  
202.3094967  
215.1765837  
193.2448602  
128.0547694  
65.41937128  
178.8441361  
-64.83038217  
385.6764152  
334.9697734  
151.507615  
208.2247437  
201.4963381  
314.7726957  
145.5268359  
283.2007078  
286.1695549  
106.045972  
127.3076561  
225.5928055  
-3.589983157  
400.8233964  
51.01894788  
-34.44781555  
65.56124407  
225.456351  
-31.79632462  
78.1178967  
95.08267498  
131.5324519  
0.4660878669  
6.505772657  
237.1507262  
222.345084  
40.9302593  
154.1377122  
192.3979758  
-72.96368393  
46.10805843  
55.34424021  
372.9236826  
11.32972156  
262.6439343  
195.7817551  
295.5876495  
146.6728611  
372.3968295  
114.661533  
287.1863025  
-34.64726643  
294.6649382  
320.659711  
107.8888699  
390.8147161  
253.922018  
198.2468134  
384.3825966  
112.4496585  
177.6819249  
