106.6507004  
-23.09612912  
-64.027689  
86.50906504  
-166.6404056  
-3.685928096  
156.1945714  
70.31820047  
105.7493445  
-27.31914135  
32.21351002  
154.7164591  
24.24840788  
-23.35750439  
-31.38186836  
52.90745492  
62.86228652  
-12.4634572  
-64.99561529  
-5.102213315  
88.92420271  
132.6509915  
24.61273698  
-81.91751344  
-34.33046133  
1.178012743  
-62.15600274  
43.67110916  
-3.792362456  
-19.18074517  
40.08136657  
-94.22916742  
102.1690178  
169.77736  
7.257666891  
132.706722  
44.50878881  
-38.67914957  
52.53820868  
125.4646148  
-70.99653378  
-196.5930071  
-15.60964232  
117.2236132  
79.8262418  
133.3263865  
18.68913302  
-8.154115352  
0.04655349696  
11.69134084  
-6.00081957  
-58.21749589  
-22.71839341  
-17.04046605  
124.6485779  
22.1014858  
66.10007438  
32.89836856  
89.72406031  
122.1135149  
-110.4175512  
81.14676503  
43.05463981  
-103.7432755  
69.12581594  
97.55183051  
-38.5187137  
-50.01087254  
-115.2518571  
-7.300595938  
-21.56783554  
-41.44585036  
127.4880551  
44.21447467  
27.60795488  
26.47113104  
21.21534975  
67.60418856  
105.8172226  
-33.37092953  
20.25134373  
-20.47139809  
9.576453597  
26.76222196  
110.4531233  
-109.6654865  
33.57221275  
134.1408666  
25.05413289  
228.6056125  
79.01911076  
-15.22733759  
128.5460049  
-13.07506117  
-75.4769871  
136.699655  
42.89861693  
19.03015669  
-25.09798866  
-8.876402401  
-24.45154875  
-45.13193434  
113.8069814  
15.12829092  
19.16549221  
16.9684939  
-16.60075341  
-54.89415527  
-0.9573572691  
37.84606224  
53.01962709  
-199.9403501  
-32.1416489  
43.16775337  
10.14970648  
23.67116122  
6.378925227  
-246.8514327  
24.93917614  
115.7083883  
5.7774919  
142.609531  
-31.56913192  
