-133.0945076  
67.87418831  
-207.1073758  
-99.11813742  
93.24750262  
-192.8466809  
-93.67720348  
29.45479963  
-172.2943299  
-310.3915899  
35.20331854  
48.72675382  
-44.81730427  
33.19126405  
-2.258481544  
-49.48226226  
-60.94606326  
136.2062692  
122.8182409  
120.9989903  
-95.57631637  
-35.02812167  
-9.699443504  
162.1320762  
-101.8454976  
-157.0709073  
-144.0200006  
-110.7763252  
-41.15973275  
148.6080203  
77.1516327  
134.3949626  
-80.44403407  
171.2498828  
-55.65452729  
54.36654565  
95.42362365  
-143.0525523  
6.703061054  
-195.3652149  
-122.8708622  
-115.8505416  
73.89284224  
-34.78042399  
-88.42682271  
-14.88639679  
18.18246475  
10.2438062  
-15.76518903  
-8.801539925  
-44.6702165  
83.0958116  
58.34307549  
-47.71480881  
-73.5925707  
-147.3279278  
85.43116847  
-1.09315422  
-10.83026994  
-53.0514391  
-32.29822899  
-82.04104715  
54.71712595  
182.4838843  
26.20157382  
28.94478722  
61.32220151  
258.3722745  
-314.1692366  
16.31922399  
36.52137855  
50.62561811  
-14.3278608  
-82.10049822  
-70.1571017  
-40.81193943  
82.35061736  
29.92752138  
-83.32777877  
95.62905292  
35.9599617  
-18.32602696  
16.91749519  
-66.5883041  
-479.1961288  
25.37078842  
66.62529959  
-171.8622232  
29.10121582  
-140.3680299  
-0.2615257497  
48.6859192  
-8.57132076  
-135.3882114  
103.6206814  
80.76673354  
203.1479745  
20.50790006  
6.156015495  
274.0861847  
231.7401003  
-59.59009776  
-76.01993954  
-42.88124272  
-88.66477203  
-188.5575725  
-22.99654759  
116.2534464  
-54.27014073  
40.23345007  
-186.3319074  
170.1081164  
25.74079547  
-111.6892241  
75.68096068  
18.90952609  
27.50050707  
78.92873632  
-60.48363679  
-94.86194609  
-137.0434803  
25.54679459  
-3.21515327  
