185.1597559  
75.10971876  
67.56949405  
42.48696944  
55.3662193  
119.9234612  
54.765861  
-76.75813882  
167.6254137  
-35.52462947  
159.3802614  
184.9328017  
87.91679126  
-149.7506529  
230.0941787  
252.2158922  
136.8160263  
-109.172243  
313.500787  
351.854664  
-75.83546714  
31.03891408  
38.97556986  
-164.1972366  
176.1853888  
139.747529  
-99.20718223  
246.0220989  
-151.1298791  
95.56889411  
41.30864779  
-114.6582175  
242.4008309  
120.5369635  
139.7648912  
271.0091882  
34.72896752  
-27.96997038  
39.73041297  
257.37174  
72.22252771  
165.3962095  
284.125817  
135.9836144  
41.79441404  
76.75284902  
266.3682281  
208.4235691  
56.49759054  
127.0743422  
-98.03822649  
3.208947115  
175.3225821  
292.5777174  
-28.86949902  
24.36321972  
-13.98115974  
176.9523435  
28.93105047  
56.03620078  
-66.41375721  
133.3886485  
221.6607751  
74.94855211  
0.8140230205  
229.1824643  
36.53730182  
85.89546141  
300.9883893  
-0.8643233949  
47.51695166  
79.06985455  
-71.58794605  
183.9058006  
132.6236314  
188.4894167  
271.9385373  
-73.80968721  
108.8517287  
-105.9201273  
102.6818205  
-134.9299793  
72.43898079  
13.37155848  
-25.65056862  
55.62516104  
200.0477174  
54.10018952  
60.59037174  
-89.82745119  
-66.64774827  
-170.7714171  
-52.5967732  
159.0253251  
26.83372118  
208.795896  
319.4170163  
182.2871207  
224.7493986  
192.7401423  
395.5216685  
