-163.0877084  
-113.5713868  
-99.70339985  
1.608025675  
-360.8329117  
13.30349982  
102.3444222  
35.63434221  
-81.89668034  
95.32991421  
-80.79569049  
26.06025902  
-250.5957058  
81.4390264  
-345.7488584  
110.6840258  
75.74827029  
21.83861946  
159.7301763  
-139.636415  
-135.9356439  
-14.11513391  
-25.58583334  
41.68862909  
-114.6147496  
-288.0292536  
-101.1690095  
-33.52045994  
360.3386718  
76.80872058  
-171.633931  
16.17337461  
195.1302562  
-32.03778967  
-54.56253908  
-94.87897682  
-19.87751171  
224.3571272  
-142.3798996  
144.3691968  
-181.0923825  
5.722388015  
-97.97036859  
-3.254719449  
55.03110138  
-196.5330665  
-280.6613229  
99.93690446  
-28.04946501  
-91.55509718  
127.2028159  
-76.36963662  
-13.36893962  
-353.5599756  
66.47883787  
-161.2415456  
74.25308897  
-128.1439137  
-31.95109641  
-101.9504617  
-30.49841857  
-122.7007984  
65.98290126  
57.53425936  
-48.16475501  
-222.5989285  
-121.326229  
-275.1794266  
128.157232  
-1.389797547  
-247.5346703  
-154.8495388  
93.37932926  
-91.38947501  
85.87035411  
-135.4571754  
12.04087518  
97.48728772  
59.00017082  
73.78626291  
-59.08328737  
84.46576063  
217.2429154  
101.6560339  
-38.26188677  
-89.5613486  
-52.15844129  
-11.87267891  
-257.8222115  
-93.48162342  
229.7671025  
167.9327551  
-55.01566188  
-151.6416157  
37.11033066  
121.5252129  
21.93117023  
162.637942  
-5.252872332  
-287.5200391  
-136.1114623  
