-3.940396237  
-12.25088713  
-3.72184852  
4.494553632  
9.626993035  
0.438614321  
5.231698422  
-5.334019824  
3.350657297  
-0.552997073  
-0.9746512865  
3.792202159  
-6.593561033  
-0.1032949788  
-9.888848941  
-1.010277387  
-0.6436011453  
-14.03547764  
-0.8515608871  
2.351334861  
-4.73497048  
2.813650866  
2.780402876  
-0.06479696939  
2.842993685  
-0.5506536828  
-5.355818573  
1.932429373  
-1.844194136  
-0.7831256055  
4.667562643  
-5.785999566  
3.251527057  
5.010885748  
-0.4853108323  
1.043324437  
2.727601364  
2.99270282  
-7.820635448  
-8.938140089  
-5.444826885  
-0.6167139046  
3.577666815  
0.06492991204  
-4.082807247  
5.220949508  
4.301179763  
1.459919529  
3.740625247  
0.913151489  
2.993019096  
1.143695542  
2.975706034  
-1.888233511  
-0.161760013  
-2.497387926  
-1.760133777  
1.897188346  
0.6149706925  
-5.185376614  
0.6640980124  
0.7041582492  
-0.2289299973  
4.069799624  
0.2164722224  
7.476088361  
1.09284735  
-2.121104079  
0.09761972217  
1.628690119  
1.644488423  
2.132399185  
0.7589973667  
-1.405071429  
-3.136322309  
2.718955685  
-0.4411829227  
-2.880619776  
1.908947001  
-0.2943319269  
-3.165247547  
1.176735825  
-1.042647092  
-0.266161361  
1.278716947  
-0.5105122349  
-1.885599914  
-2.230173514  
-0.1993716953  
0.5778283517  
0.6821778092  
1.329999067  
-3.338917993  
0.1245108042  
1.997800512  
4.533132511  
-0.6181651559  
-1.326058913  
1.29860343  
-0.2270431535  
3.253333698  
