42.76513178  
51.06451019  
-172.0856641  
-203.8764732  
-442.0557938  
-41.7573626  
-315.7618261  
198.1188764  
-8.89217412  
-31.06316789  
503.3343925  
-36.57024398  
24.9294102  
11.72074082  
129.1651343  
331.4860151  
83.31890325  
-267.6499534  
34.35876503  
211.8134856  
329.484075  
116.3716596  
287.1141404  
-17.6744712  
211.517594  
-155.5996894  
111.4990452  
75.70405315  
-165.7898158  
41.99565578  
111.9081605  
-135.5719774  
-182.2368023  
-172.4226877  
-252.6924702  
-46.99268713  
46.9336567  
-106.1844067  
-34.10726476  
151.971224  
276.8157165  
-130.0782843  
-28.78506403  
-38.29986055  
51.82278918  
124.0962648  
141.4667814  
-98.20593751  
-80.76304175  
81.08518015  
-114.978537  
64.0982578  
-232.1201688  
92.58330842  
-103.4562958  
-326.9051774  
180.3964223  
-50.67295345  
154.9553144  
186.1652544  
-130.4510689  
-334.3234724  
236.9148925  
-229.3819879  
-194.5782102  
94.42968729  
159.1056393  
-89.13916422  
-518.5762989  
-172.3086859  
118.5834586  
-74.97252826  
-315.4696827  
81.34381656  
-13.74467572  
-4.190102259  
131.9636058  
67.42113886  
-192.181214  
-287.1324423  
-144.7109675  
-29.06461311  
-39.91822481  
9.565978155  
40.8007042  
131.5378057  
124.4465721  
80.97383373  
35.31327013  
-418.6038435  
46.01270842  
-59.53088958  
-182.9004254  
20.85997529  
-359.1847604  
482.5048551  
307.8693738  
-129.3246763  
-54.53461073  
-39.30039381  
-34.24619364  
