-1.602210004  
5.950975852  
7.229737563  
-1.141596043  
-1.287203296  
-11.18378472  
-5.636821518  
5.092303262  
-0.7305328462  
4.768834449  
-8.087837178  
-3.307817771  
-0.02291655891  
-0.4221073285  
-0.4187922  
-5.500020574  
-3.299172449  
6.533761964  
2.273721215  
-1.09314853  
-0.3838157325  
-1.637284555  
1.037906942  
-2.740642172  
2.250679483  
3.827605994  
2.655780674  
4.207268737  
10.06019323  
0.4326527916  
-4.584560867  
3.044345436  
-1.654971291  
7.677269253  
0.701019368  
-3.074128219  
0.6593675971  
-1.828790635  
-2.384981804  
9.576614913  
-1.333384577  
-1.22786397  
-2.999544378  
-0.7343650185  
2.348569306  
1.779696787  
-2.932288914  
-1.258571953  
-0.2394757505  
3.491118654  
0.785777892  
-6.630350946  
-1.243941245  
-0.4553043576  
-0.4113094656  
3.424644956  
0.1719025438  
-0.7850738628  
-0.534902685  
6.058592016  
0.6533166056  
-3.358326626  
2.199510348  
1.873174485  
0.586717979  
4.89136877  
0.3555660958  
1.312202076  
-4.829353321  
0.581462221  
-3.269798415  
-1.695162043  
1.010715607  
0.1281173459  
0.796622643  
-3.419483089  
-1.661238687  
1.551529245  
0.253366094  
0.06890861182  
2.704550726  
3.439809709  
1.324226582  
-0.797185968  
-1.117242746  
0.4312394266  
0.5656798964  
3.600457067  
1.385565068  
-1.948770464  
0.8408646043  
-3.762936866  
-4.324715284  
4.133732761  
0.8344510348  
4.368239544  
-0.2505925423  
3.837121431  
-4.177038614  
2.390877502  
-1.055638204  
