-248.0834307  
65.27018749  
-156.7350762  
-30.37682149  
-15.5336487  
27.82267576  
-467.4313524  
4.544340984  
46.11048117  
-261.3447322  
152.8086705  
-131.395545  
-90.11563384  
98.98481442  
-171.3471452  
6.058290364  
87.08035663  
-39.7017875  
329.9303479  
369.3809365  
91.16513252  
-208.4586417  
-49.94059447  
92.01917796  
75.45653746  
-49.02422737  
-112.3907231  
-64.19203915  
-74.28672028  
142.0803676  
100.2204514  
153.0339239  
-57.6707314  
-179.220208  
-5.927353271  
247.6559192  
-56.11585559  
-122.5427437  
-59.78589413  
-61.3706374  
169.717832  
67.76966928  
-45.13270496  
-158.884934  
1.522482735  
-36.20709184  
133.0304282  
192.0027114  
-46.79936059  
26.12833851  
154.2630067  
170.4406737  
92.54765048  
56.50060639  
-14.76216208  
1.233599512  
29.76572013  
-79.99483446  
46.45293721  
-152.9526648  
-61.73906906  
176.9113072  
-49.91674104  
76.26957315  
31.75083594  
-93.41005878  
-38.02484873  
-24.89330271  
396.9005071  
-159.2319733  
-5.857256454  
102.2819241  
-440.513241  
66.56238134  
-186.1825041  
-19.89133565  
215.1042726  
28.6459871  
30.22519618  
83.9690564  
-265.352404  
-80.62130575  
96.96284292  
-130.1106137  
173.189871  
17.01389595  
-92.20406534  
-182.9347143  
41.0535708  
-90.59285512  
-69.68525464  
100.0622476  
-57.28559533  
160.3195448  
103.1915809  
-95.29366715  
-131.061767  
51.59430211  
157.9979536  
253.7143013  
155.5505883  
-172.1739457  
27.38332091  
-26.79363664  
-222.8092959  
-94.1252893  
70.97884423  
-77.94320831  
-157.8532498  
-55.67539416  
47.42078853  
267.6753128  
96.54440438  
-100.9481191  
-358.0346075  
-404.0701646  
105.6941706  
169.1948354  
73.61177979  
324.3861619  
102.8445461  
-66.69965995  
-30.85237562  
