5.186585092  
-1.919984931  
-2.599259849  
-12.39660969  
0.384107494  
-1.63901767  
2.96647967  
-6.354077193  
2.135725898  
-3.4006981  
-7.476043304  
-2.943896842  
1.09679788  
0.2333498171  
-0.4207857608  
-19.24742954  
3.204359736  
-1.679612531  
-0.4120244039  
7.990707085  
-7.4134256  
3.715058327  
-6.617026439  
1.338692908  
-2.014600227  
6.573547738  
12.41028601  
2.840431826  
-11.9566557  
-3.082057405  
9.093735462  
3.725082246  
10.32487089  
-13.66247285  
0.9862875933  
11.96418816  
-9.08949333  
2.141350691  
2.722806622  
-1.922638177  
7.376100898  
-1.11195647  
2.275506367  
-2.061445379  
0.0392030544  
-6.153813741  
3.643764521  
-2.592670786  
-0.9910221686  
1.094561848  
-3.088934226  
-12.52026156  
0.7024051123  
2.38904788  
-0.5686014911  
-3.808056958  
-2.725803203  
-1.533975481  
5.274854208  
-1.333815717  
4.960335174  
5.020460029  
-2.06327915  
1.509598746  
-4.164659105  
4.573121288  
-2.694396567  
-2.339308216  
-8.196250102  
-0.09576146202  
-2.162884082  
-0.3462426604  
-1.195680133  
0.6086266524  
0.7725634627  
-2.363787235  
1.519262731  
-2.415688611  
-0.6128477004  
0.9516175168  
-5.051692725  
1.44359395  
1.991459755  
3.431364983  
4.243524208  
0.6332059698  
-1.211815116  
-1.910742988  
-1.717335488  
-1.096180042  
-1.925598407  
2.908252329  
-0.33807261  
-0.6369355853  
-1.492599303  
-3.099897208  
-0.8093995442  
9.279045077  
0.107845725  
10.24657178  
-0.8980562393  
