-219.4301347  
-285.1187405  
171.1428435  
173.7901743  
-1.813858251  
-176.5994098  
20.11018839  
35.26743502  
337.494183  
-18.04391264  
-154.5602092  
-104.9641122  
46.32090586  
240.7094831  
63.29860746  
-49.44184229  
26.86251012  
468.8612451  
18.08600174  
63.37257676  
-108.1810088  
-16.00732402  
65.27037983  
129.5291991  
-3.90233024  
148.9368687  
-279.5037317  
9.7146338  
137.4288362  
253.7504158  
-288.7402186  
-311.9970338  
-5.725095087  
-78.05293991  
471.3171405  
197.3982782  
56.12898055  
127.3840061  
-165.455616  
-127.803606  
-90.60537282  
-20.89343527  
-61.41983223  
148.9347277  
184.2148164  
65.40151898  
45.49085308  
28.77311279  
0.02563582526  
-309.874576  
169.177762  
-351.2866459  
-279.1047816  
-52.94903715  
-116.0396508  
-175.949544  
-160.3473196  
-143.1694251  
-25.66790436  
-87.92290844  
-155.2913864  
46.14147197  
234.4889252  
122.3992492  
-41.59376805  
-434.4663985  
82.25863043  
220.4727591  
155.192765  
-26.9998107  
83.63829816  
-134.261683  
47.0692092  
396.5808666  
46.30960796  
103.1762675  
210.7129349  
135.9014346  
-31.51435809  
-95.2364897  
55.24372525  
-47.79207912  
-402.1443408  
-210.4983661  
446.7047379  
205.2103088  
-113.4455208  
92.72174259  
242.0331438  
-59.36053145  
-144.7317705  
-146.573669  
140.4172927  
137.1980748  
148.6893049  
-217.6279705  
91.99802826  
36.5800148  
-83.90746205  
-373.8062409  
-90.04483846  
-105.1931791  
124.8513799  
66.75028321  
-172.3322282  
-270.8693263  
-61.35927925  
323.2670309  
117.6580705  
-135.1982365  
-232.4067454  
134.8614551  
-188.9055034  
-146.3346225  
57.01818377  
92.15783029  
109.7282264  
118.9075959  
529.8679694  
222.0412705  
-204.8595138  
47.34114511  
-57.99946415  
