3.025484e+00 4.455182e+00 4.455182e+00 3.025484e+00
1.089293e+01 4.455182e+00 4.455182e+00 1.089293e+01
9.711829e-01 4.455182e+00 4.455182e+00 9.711829e-01
5.430937e-02 4.455182e+00 4.455182e+00 5.430937e-02
5.117297e+00 4.455182e+00 4.455182e+00 5.117297e+00
6.223316e+00 4.455182e+00 4.455182e+00 6.223316e+00
-8.707993e-01 4.455182e+00 4.455182e+00 -8.707993e-01
7.156477e+00 4.455182e+00 4.455182e+00 7.156477e+00
2.389812e+00 4.455182e+00 4.455182e+00 2.389812e+00
8.405084e+00 4.455182e+00 4.455182e+00 8.405084e+00
-1.328452e+01 4.455182e+00 4.455182e+00 -1.328452e+01
4.186641e+00 4.455182e+00 4.455182e+00 4.186641e+00
8.043235e+00 4.455182e+00 4.455182e+00 8.043235e+00
-4.857835e-01 4.455182e+00 4.455182e+00 -4.857835e-01
1.373048e+00 4.455182e+00 4.455182e+00 1.373048e+00
1.852975e+00 4.455182e+00 4.455182e+00 1.852975e+00
9.460244e+00 4.455182e+00 4.455182e+00 9.460244e+00
