3.306799e-01 4.479411e-01 4.479411e-01 3.306799e-01
2.052062e-01 4.479411e-01 4.479411e-01 2.052062e-01
3.358699e-01 4.479411e-01 4.479411e-01 3.358699e-01
6.608106e-01 4.479411e-01 4.479411e-01 6.608106e-01
4.417601e-01 4.479411e-01 4.479411e-01 4.417601e-01
4.289210e-01 4.479411e-01 4.479411e-01 4.289210e-01
5.250007e-01 4.479411e-01 4.479411e-01 5.250007e-01
4.798250e-01 4.479411e-01 4.479411e-01 4.798250e-01
4.517057e-01 4.479411e-01 4.479411e-01 4.517057e-01
3.393667e-01 4.479411e-01 4.479411e-01 3.393667e-01
6.985533e-01 4.479411e-01 4.479411e-01 6.985533e-01
5.973785e-01 4.479411e-01 4.479411e-01 5.973785e-01
5.314864e-01 4.479411e-01 4.479411e-01 5.314864e-01
5.075261e-01 4.479411e-01 4.479411e-01 5.075261e-01
5.839147e-01 4.479411e-01 4.479411e-01 5.839147e-01
5.802158e-01 4.479411e-01 4.479411e-01 5.802158e-01
4.227809e-01 4.479411e-01 4.479411e-01 4.227809e-01
