2.703549e+00 2.686300e+00 2.686300e+00 2.703549e+00
2.850248e+00 2.686300e+00 2.686300e+00 2.850248e+00
2.863256e+00 2.686300e+00 2.686300e+00 2.863256e+00
2.618450e+00 2.686300e+00 2.686300e+00 2.618450e+00
2.280833e+00 2.686300e+00 2.686300e+00 2.280833e+00
3.005655e+00 2.686300e+00 2.686300e+00 3.005655e+00
2.166100e+00 2.686300e+00 2.686300e+00 2.166100e+00
2.778256e+00 2.686300e+00 2.686300e+00 2.778256e+00
2.979630e+00 2.686300e+00 2.686300e+00 2.979630e+00
2.040036e+00 2.686300e+00 2.686300e+00 2.040036e+00
3.696962e+00 2.686300e+00 2.686300e+00 3.696962e+00
2.582585e+00 2.686300e+00 2.686300e+00 2.582585e+00
2.291495e+00 2.686300e+00 2.686300e+00 2.291495e+00
2.398854e+00 2.686300e+00 2.686300e+00 2.398854e+00
2.998639e+00 2.686300e+00 2.686300e+00 2.998639e+00
2.579622e+00 2.686300e+00 2.686300e+00 2.579622e+00
3.023337e+00 2.686300e+00 2.686300e+00 3.023337e+00
