1.514718e+00 9.645304e-01 9.645304e-01 1.514718e+00
6.598205e-01 9.645304e-01 9.645304e-01 6.598205e-01
1.947894e-01 9.645304e-01 9.645304e-01 1.947894e-01
5.319491e+00 9.645304e-01 9.645304e-01 5.319491e+00
1.332272e+00 9.645304e-01 9.645304e-01 1.332272e+00
4.501437e-01 9.645304e-01 9.645304e-01 4.501437e-01
2.716737e-01 9.645304e-01 9.645304e-01 2.716737e-01
5.667772e-01 9.645304e-01 9.645304e-01 5.667772e-01
-5.871890e-01 9.645304e-01 9.645304e-01 -5.871890e-01
1.743403e+00 9.645304e-01 9.645304e-01 1.743403e+00
2.108474e+00 9.645304e-01 9.645304e-01 2.108474e+00
1.337436e+00 9.645304e-01 9.645304e-01 1.337436e+00
3.717358e-01 9.645304e-01 9.645304e-01 3.717358e-01
1.066747e+00 9.645304e-01 9.645304e-01 1.066747e+00
2.121044e+00 9.645304e-01 9.645304e-01 2.121044e+00
-7.415850e-01 9.645304e-01 9.645304e-01 -7.415850e-01
2.361007e+00 9.645304e-01 9.645304e-01 2.361007e+00
